6.76644	0.427658
12.9904	0.858678
16.3209	1.09034
23.1441	1.62126
26.3725	1.85689
29.8941	2.0668
26.3518	1.73714
19.0583	1.07631
18.8171	1.00246
20.1135	0.997027
19.0044	0.71749
563.466	42.0048
19.5653	0.680586
28.5519	1.38312
27.9317	1.24277
30.7546	1.2217
33.4173	1.4111
37.6221	1.6134
41.1559	1.84399
41.6082	1.75867
42.4484	1.68329
45.4618	1.93054
45.1856	1.77013
48.4845	2.02148
44.3753	1.66573
544.795	40.7118
42.4376	1.38598
538.571	40.2808
31.4328	0.405626
33.8679	0.564473
31.9427	0.330451
38.4239	0.828853
40.8714	1.01708
7.91141	-2.04947
9.07528	-1.98632
7.30215	-2.20963
12.788	-1.78913
21.2774	-1.39144
19.3941	-1.55192
17.9825	-1.68463
18.2738	-1.69603
21.204	-1.57681
543.951	40.7433
26.0317	-1.43952
540.411	40.5808
19.4226	-2.15846
25.6465	-1.72744
38.0945	-0.865402
44.3185	-0.434382
50.5425	-0.0033625
32.2517	2.44472
20.8531	1.49317
32.5502	2.39849
42.3241	3.15088
33.2287	2.38196
31.0988	2.15931
543.618	40.9731
22.0715	1.40566
21.5464	1.10839
22.6034	1.00003
26.2649	1.27228
27.8257	1.35826
29.3865	1.44423
32.927	1.68897
36.546	1.90845
39.6226	2.04178
38.5375	1.80556
40.4317	1.8549
44.4133	2.08845
47.0359	2.21682
48.4751	2.1778
53.0933	2.44651
54.8958	2.54826
52.7279	2.332
55.4536	2.53904
48.9624	1.92672
46.6424	1.68793
47.8238	1.73606
37.4537	0.870848
34.6982	0.60065
37.5628	0.762654
43.3188	1.20531
542.391	41.0046
14.3724	-1.5269
18.2508	-1.20483
17.1345	-1.33298
21.3581	-0.89068
33.0825	-0.184657
36.8563	0.235784
25.7525	-1.09541
30.3858	-0.825481
34.1261	-0.551838
544.274	41.201
39.708	-0.321087
44.5989	0.0788659
68.0684	1.90669
80.4541	2.85855
545.7	41.327
549.522	41.6362
536.906	40.8782
43.6504	3.39627
50.8747	4.67967
41.9563	3.17572
44.0525	3.30558
40.5958	2.99575
36.0535	2.5968
39.2903	2.85264
35.7108	2.48575
24.9874	1.53413
535.939	40.8281
39.1496	2.27437
35.6273	1.99499
38.4694	2.1937
37.0645	2.05262
38.0812	2.10316
535.374	40.8555
42.6992	2.17512
533.046	40.7292
49.0305	2.42665
53.6478	2.76485
531.858	41.1327
56.9585	2.81952
58.1319	2.83822
60.2398	2.99205
58.1793	2.74626
55.4873	2.46745
549.742	42.486
50.6648	1.98396
56.5316	2.44608
564.246	43.7863
555.351	43.1364
54.6641	1.96408
44.0209	0.956011
33.1365	0.0440037
22.252	-0.868003
559.826	43.5283
60.0116	1.94314
46.5471	0.879243
40.3687	0.343798
36.3686	-0.187808
36.9525	-0.330189
34.8906	-0.490557
38.0986	-0.259038
41.2678	-0.0505404
49.4899	0.478899
61.8756	1.43076
74.2612	2.38262
86.6469	3.33448
107.27	5.7752
106.833	4.87558
51.6565	4.05583
50.2641	3.88783
49.3403	3.74203
45.714	3.42392
44.1946	3.28792
41.7424	3.07028
41.0724	2.96156
30.3491	2.00994
44.53	2.70116
42.6718	2.55363
40.6198	2.39026
44.557	2.70146
41.7209	2.43875
43.7962	2.59269
564.301	43.9202
48.9398	2.61687
55.1805	3.05862
60.0061	3.40019
558.047	43.4637
63.8798	3.5743
62.1386	3.28925
63.9541	3.35721
65.5838	3.43584
66.9875	3.47154
59.2474	2.78478
60.3154	2.82331
65.2123	3.18098
70.1093	3.53865
564.506	44.0293
566.572	44.2219
565.845	44.3422
75.656	3.64994
82.9856	4.23858
96.7558	5.28183
564.293	44.2474
66.6969	2.47688
67.7878	2.55221
53.1478	1.3457
39.4457	0.045365
42.5509	0.291478
44.195	0.363137
43.1524	0.209129
42.1098	0.0551138
44.587	0.180633
55.6827	0.954829
117.321	5.76182
112.997	5.40153
104.228	4.68564
107.831	4.94721
98.0392	3.7726
56.817	4.52527
55.8985	4.37823
53.4709	4.12708
54.1874	4.1232
48.7258	3.66445
567.933	44.5816
47.2184	3.48113
563.935	44.5349
45.3554	3.26605
46.388	2.84847
50.9655	3.21156
48.4942	3.01277
47.5538	2.91325
51.0878	3.19176
50.0295	3.10104
52.4188	3.29591
56.6682	2.84785
57.593	3.22943
66.2472	3.84196
72.4883	4.28367
66.5011	3.74116
561.558	44.4324
71.1352	3.89273
73.4593	4.04757
75.7958	4.19682
79.5104	4.49265
559.688	44.3336
76.2674	4.02335
82.4255	4.50806
89.8414	5.06359
94.3384	5.39277
95.1149	5.24651
90.3152	4.82722
95.7074	5.21116
97.8043	5.35252
96.7565	5.10718
73.3822	3.01061
70.9668	2.77697
65.9269	2.34759
61.4054	1.90293
50.1962	0.91335
47.131	0.627825
44.0605	0.263112
43.4822	0.174208
43.8444	1.10632
124.156	6.3363
121.646	6.1221
118.437	5.83881
111.433	5.2089
102.428	4.14894
69.3079	5.57843
66.2795	5.27361
58.6634	4.50716
55.272	4.20075
59.5104	4.52032
53.3644	4.00069
557.84	44.3242
555.581	44.2948
46.1833	3.82722
53.315	3.39875
55.6646	3.58572
50.9031	3.19699
548.066	43.729
60.9787	3.99473
54.808	3.49101
55.6793	2.99932
56.8001	3.83892
106.776	7.23651
97.8646	6.41499
91.3317	5.8153
543.438	43.3909
540.599	43.2215
81.5445	4.71958
81.3226	4.66272
83.225	4.78848
538.248	43.1056
535.897	42.9896
93.484	5.40528
93.7575	5.36498
545.128	43.8769
99.0425	5.66824
96.7754	5.3874
97.6451	5.39077
99.9496	5.51882
98.8771	5.43361
95.7079	4.86564
84.6652	3.92202
78.1886	3.35556
73.6971	2.94946
55.8008	1.40814
48.1037	0.692088
46.0112	0.471107
44.7466	0.322993
43.7697	0.109118
137.21	7.49577
126.667	6.55049
121.665	6.07187
117.451	5.68107
116.223	5.51977
115.301	5.27163
73.5032	5.96297
72.1484	5.79702
74.6275	5.96037
69.7303	5.41043
68.8979	5.28094
86.7789	6.72937
95.1167	7.3916
547.891	44.1272
553.343	44.7937
549.33	44.4722
59.99	3.93384
62.1527	4.1079
78.4575	5.42017
76.0436	5.22016
539.891	43.7004
54.9297	3.66118
55.8324	4.09148
110.443	7.56209
103.109	6.91093
100.15	6.60384
96.8181	6.11222
102.304	6.40907
89.8352	5.38835
84.6601	4.95388
85.9403	5.01106
92.5578	5.51357
98.9936	5.91606
103.446	6.23643
95.5788	5.53583
97.6736	5.66637
102.687	6.03215
104.03	6.00254
106.862	6.15832
103.538	5.88863
104.13	5.69682
106.677	5.79113
539.618	43.7167
91.3823	4.45248
82.4936	3.67759
94.598	4.65081
527.963	39.4655
537.202	40.1059
45.4686	-0.368801
44.5084	-0.648232
147.753	8.44104
536.877	40.4985
533.797	40.3172
124.105	6.20072
120.491	5.87074
120.775	5.79511
77.9756	6.30141
82.448	6.63985
77.6346	6.12442
80.6416	6.28832
78.4411	6.06714
98.8138	7.68872
100.754	7.83627
109.928	8.55536
111.124	8.64865
543.299	41.424
64.3154	4.28196
68.6408	4.63008
89.6913	6.32801
539.427	40.8446
527.013	39.9402
529.397	40.2427
114.11	7.88767
107.646	7.38294
104.723	7.29421
104.71	6.68191
107.686	6.74899
114.878	7.39217
525.564	39.9691
535.61	39.8838
96.0616	5.81561
99.5653	6.11765
105.8	6.46794
112.048	6.9313
114.777	7.11407
110.004	6.68632
110.803	6.53254
109.844	6.41117
108.202	6.23822
106.392	6.04318
114.711	6.43385
112.156	6.20159
110.296	5.9998
123.174	6.94838
118.807	6.59725
106.702	5.62403
147.218	8.80268
148.216	8.87508
157.957	9.40316
154.456	9.04787
152.59	8.86836
156.557	9.20978
125.012	6.62135
126.544	6.32957
123.531	6.06056
126.315	6.24291
527.55	40.2341
93.7439	7.57858
531.337	40.4486
97.4424	6.73955
94.7671	7.39472
101.567	7.9166
99.7665	7.99253
107.335	8.35219
112.321	8.74303
111.786	7.89825
111.25	7.05394
530.535	41.012
113.576	8.26298
122.292	8.94885
529.232	40.841
535.946	41.3403
535.2	41.5318
123.244	8.63302
118.838	8.28863
107.374	7.44704
107.272	7.33159
122.988	8.05853
126.533	8.34874
132.123	8.79964
544.194	42.2568
542.094	42.1805
108.71	6.79487
124.172	7.89866
120.839	7.59775
117.506	7.29684
114.154	6.91469
115	6.81363
113.518	6.66758
109.703	6.3402
119.635	6.8658
120.378	6.8709
116.94	6.56529
122.698	6.96892
127.541	7.2995
143.491	8.5321
148.215	8.88339
149.212	8.95719
159.801	9.6366
160.606	9.6381
159.523	9.47844
160.524	9.55131
177.203	10.4704
125.895	7.09019
131	6.65952
135.455	6.98948
100.911	8.17415
98.8698	8.00455
96.8764	7.56396
97.8734	7.64192
100.98	7.88912
109.713	8.5683
117.751	9.18162
118.901	9.25896
110.792	8.00819
110.256	7.16388
546.331	42.5214
542.216	42.2487
129.742	9.59169
131.009	9.63472
138.413	10.0946
137.101	9.8692
135.788	9.64382
151.317	10.8019
114.431	7.94425
110.024	7.59987
557.432	43.4734
128.548	8.51645
135.127	9.05928
135.705	9.07258
130.83	8.59435
119.77	7.69461
132.368	8.57998
131.434	8.47863
126.76	8.08491
130.1	8.43107
133.441	8.77722
123.843	7.47513
562.964	44.1125
124.817	7.29461
122.84	7.08971
124.322	7.17618
120.987	6.88397
131.965	7.71303
150.17	9.06859
150.034	9.03001
152.116	9.16665
157.103	9.51918
163.35	9.88957
165.731	10.0582
164.493	9.89346
176.251	10.7777
178.099	10.9128
560.083	43.8828
148.055	7.98989
153.71	8.43437
108.077	8.76972
102.951	8.34374
565.305	44.3475
139.289	11.2409
137.764	10.9804
127.397	10.0027
118.555	9.28551
125.635	9.78487
139.257	10.8369
562.709	44.4301
152.591	11.8541
148.202	11.1813
140.366	10.4851
136.279	10.1075
139.725	10.3206
139.196	9.47209
560.258	44.2206
148.006	10.5959
154.629	11.0081
156.33	11.0728
557.598	44.1483
152.927	10.6081
148.742	10.2208
138.693	9.31725
137.297	9.1635
136.42	9.00473
139.119	9.14987
134.809	8.77045
136.317	8.84891
133.668	8.62266
136.963	8.89221
134.004	8.26652
132.851	8.15289
136.889	8.44016
130.98	7.82895
130.015	7.69138
132.777	7.81666
141.232	8.45713
154.774	9.45412
153.242	9.29722
156.313	9.52585
160.388	9.8177
168.743	10.4007
167.261	10.2169
167.824	10.2018
169.856	10.3103
181.796	11.1829
179.947	11.0479
556.153	44.1043
155.995	8.62472
118.762	9.59966
129.447	10.4296
141.049	11.277
140.013	10.9893
136.239	10.7199
544.423	43.2813
159.995	12.4953
152.878	11.8889
158.705	12.1888
157.03	11.9656
152.641	11.2928
147.244	11.0554
154.927	11.5548
153.072	11.3842
151.216	11.2131
155.433	11.5168
152.729	11.096
154.182	10.9961
157.238	11.1981
158.114	11.1594
156.498	10.9521
154.537	10.7318
154.368	10.6559
144.25	9.74242
542.083	43.2525
142.118	9.43699
147.18	9.81811
138.447	9.00466
140.577	9.1604
145.141	9.45685
140.486	9.00719
138.658	8.60079
140.928	8.72754
137.143	8.3633
135.707	8.20658
536.099	42.7761
146.813	8.89665
153.373	9.40278
159.78	9.85018
160.249	9.85695
158.651	9.70691
167.491	10.3709
170.48	10.5575
171.218	10.536
533.927	42.6424
185.722	11.5546
185.262	11.3474
187.01	11.4442
530.108	42.3808
164.14	9.29352
131.074	10.6946
527.181	42.1496
140.132	11.2595
142.808	11.3132
141.764	11.1422
175.115	14.17
167.111	13.1017
170.598	13.1912
160.38	12.4119
164.182	12.5658
533.546	42.8736
526.99	42.3495
154.121	11.6256
156.587	11.7921
518.174	41.6524
158.629	11.7955
157.453	11.5961
158.3	11.2595
159.787	11.383
160.394	11.379
159.447	11.2063
160.946	11.2887
163.281	11.376
159.995	11.0911
155.764	10.6673
157.462	10.7606
149.818	10.0669
153.599	10.328
152.597	10.4495
148.315	9.79152
151.184	9.88241
145.835	9.4448
146.85	9.24124
149.028	9.36148
140.958	8.67165
552.341	44.7134
152.395	9.33616
157.976	9.77568
161.504	10.0419
164.786	10.2462
168.569	10.5256
172.351	10.805
173.278	11.1805
174.21	10.8186
175.576	10.9072
188.377	12.0723
187.978	11.4669
188.758	11.5409
180.699	10.7363
177.35	10.4018
142.637	11.6411
551.339	44.6332
149.14	12.0678
148.045	11.6319
176.093	13.9621
174.227	13.7082
172.63	13.3503
168.566	13.0321
172.648	13.3277
171.334	13.166
175.195	13.3787
167.458	12.7283
159.721	12.0778
527.668	42.6663
168.24	12.572
166.718	12.3906
163.281	12.0812
162.335	11.5678
164.332	11.6812
161.896	11.4436
163.409	11.5082
166.387	11.738
166.567	11.6609
172.437	11.9588
163.344	11.2226
159.16	10.8543
160.029	10.8362
156.896	10.5438
152.619	9.88522
151.635	10.0796
161.578	10.6693
158.31	10.2755
155.042	9.88168
159.184	10.1671
165.242	10.6225
534.649	43.2734
488.645	35.4421
164.634	10.3192
167.75	10.5421
172.832	10.8825
175.221	11.0613
178.123	11.2685
179.031	10.8507
179.935	11.2784
190.897	12.2317
192.317	11.8265
193.323	11.9557
184.729	11.1386
179.025	10.569
184.799	10.9874
138.134	11.203
150.475	12.2948
158.314	12.9485
158.397	12.3
491.427	35.7632
177.96	14.2159
177.731	13.7494
494.209	36.0842
178.86	13.7974
176.731	13.6234
174.087	13.3911
183.04	14.0265
182.096	13.7207
180.667	13.6028
176.934	13.2888
170.155	12.7001
166.734	12.3883
167.763	12.2947
166.857	11.8907
169.181	12.0542
174.85	12.4744
173.811	12.3385
175.428	12.4294
185.524	13.022
181.531	12.695
166.015	11.3941
167.656	11.4812
161.967	10.9769
158.271	10.6574
154.953	10.3685
497.066	36.4424
174.248	11.7389
500.947	36.7945
162.832	10.4616
164.771	10.5917
171.3	11.0779
173.372	11.183
171.305	10.9065
176.901	11.3396
176.114	11.1915
179.485	11.4157
183.894	11.732
188.243	12.0551
189.021	12.0267
193.418	12.391
191.792	12.6781
196.655	12.1861
195.547	12.2495
506.749	37.6662
517.355	38.6503
527.917	39.5523
530.6	40.0614
174.376	14.028
168.703	13.3482
179.956	14.287
181.368	14.2517
182.897	14.2649
182.587	14.1019
180.99	13.9714
182.465	14.0859
527.403	39.8057
190.878	14.6717
183.531	13.8444
182.1	13.7244
184.504	13.9278
170.515	11.7671
169.565	11.4542
168.758	12.0443
170.684	12.1827
529.303	40.0805
180.567	12.9007
184.909	13.2306
189.517	13.3489
187.627	13.1853
180.171	12.5408
173.9	12.006
170.677	11.7105
179.185	12.3892
191.936	13.2856
190.897	13.1684
186.917	12.8085
524.723	39.7996
519.664	39.4792
172.334	11.1951
177.594	11.5748
176.519	11.473
517.258	39.3194
186.239	12.0568
182.3	11.73
187.006	12.0878
188.366	12.1342
189.727	12.1895
192.104	12.3312
194.708	12.4928
199.044	12.8222
200.874	12.4719
200.107	12.4958
197.772	12.5431
515.227	39.203
191.469	11.4186
507.523	38.6016
190.591	15.3785
183.615	14.7803
186.876	15.0083
174.329	13.8176
186.167	14.8018
187.304	14.7034
185.182	14.4092
184.184	14.2324
185.781	14.3629
188.199	14.5484
189.538	14.6101
199.057	15.331
187.269	14.1606
190.447	14.4292
192.074	14.5669
529.685	40.4595
528.679	40.008
175.947	12.5847
181.21	12.9866
184.896	13.2682
188.698	13.5585
194.941	14.0406
194.404	13.7543
199.291	14.1597
177.989	12.3411
180.893	12.5618
187.693	13.068
195.097	13.6428
192.974	13.4029
193.75	13.3873
196.602	13.6063
527.93	40.6706
531.938	41.0055
181.835	11.9286
183.887	12.0718
524.937	40.5116
190.178	12.3835
186.239	12.0568
191.35	12.4378
193.837	12.6072
192.772	12.4556
194.36	12.5196
198.954	12.8241
203.831	13.172
204.22	13.2328
204.861	12.7725
201.365	12.3416
198.14	11.8498
194.805	11.6342
201.128	16.3248
197.566	15.9767
196.016	15.7339
193.495	15.4958
192.377	15.3166
196.653	15.5046
188.053	15.3656
187.468	14.5535
189.753	14.6969
195.012	15.1053
199.036	15.4273
203.031	15.683
204.259	15.7208
192.996	14.6444
200.275	15.2593
526.431	40.7394
541.034	42.0282
537.856	41.8397
535.738	41.7019
183.783	13.1832
186.241	13.371
203.888	14.7835
204.974	14.8505
532.483	41.489
214.844	15.4567
217.162	15.65
189.793	13.2616
199.797	14.0648
203.629	14.3503
208.528	14.711
202.471	14.1775
203.271	14.0575
209.751	14.5448
212.243	14.7323
190.281	12.5896
192.211	12.7221
199.263	13.1948
197.059	12.9543
194.205	12.696
200.874	13.1885
199.15	12.9502
204.797	13.334
200.251	12.958
202.897	13.1216
208.553	13.5191
209.568	13.4889
214.933	13.7442
234.181	15.1602
238.991	15.4123
537.525	41.942
204.689	16.6728
202.537	16.4145
201.638	15.8996
201.494	16.4254
198.588	15.8314
206.001	16.3058
542.567	42.3949
547.609	42.8478
562.694	44.1152
213.649	16.6468
203.06	15.7492
207.005	16.0351
209.461	16.1107
214.662	16.5005
208.864	15.9884
207.166	15.8374
206.17	15.7484
561.715	44.3198
561.484	44.3254
556.353	43.8868
240.223	17.788
218.99	16.0032
215.094	15.6657
227.581	16.534
225.437	16.34
219.48	15.8432
554.349	43.9419
551.476	43.7628
209.8	14.868
206.987	14.6216
215.13	15.2732
537.369	42.7998
534.275	42.6092
214.735	14.9197
530.944	42.3778
203.191	13.6258
201.467	13.4354
211.204	14.2021
204.589	13.5584
206.042	13.6491
204.471	13.5041
208.804	13.6458
210.982	13.7816
214.339	13.7782
212.232	13.8063
215.237	13.9802
219.698	14.3006
229.371	14.908
243.8	15.6645
251.783	16.4734
207.54	16.8745
208.474	17.2307
207.1	16.5802
212.414	16.9808
208.895	16.6087
213.451	16.9027
227.418	17.8883
221.032	17.3125
216.11	16.8687
211.188	16.4249
213.927	16.5927
221.221	17.1096
219.851	16.9662
220.473	16.9383
213.354	16.3522
206.178	15.2405
205.207	15.4782
526.402	42.0732
524.255	41.9184
245.781	18.2551
234.666	17.3209
222.315	16.2269
228.634	16.6985
229.66	16.714
236.617	17.2449
522.926	41.8252
248.405	18.0861
246.707	17.939
226.796	16.2666
220.195	15.7045
217.662	15.4888
526.17	42.2502
217.967	15.2037
218.98	15.2019
216.83	14.7439
222.594	15.2294
220.941	14.9687
223.454	15.1563
211.664	14.1355
208.068	13.8198
214.696	14.0973
212.811	13.9575
213.969	14.2267
217.417	14.2507
215.911	14.0935
218.769	14.2531
224.16	14.6211
244.212	16.104
248.876	16.2739
258.307	17.0188
213.522	17.4565
214.396	17.4588
209.351	16.7499
211.602	16.9196
217.544	17.3674
224.155	17.8657
224.458	17.7236
235.767	18.5641
218.571	17.0906
211.76	15.6045
210.764	15.5196
222.591	17.2529
224.664	17.3913
234.969	18.0957
216.914	16.6452
207.137	15.5257
206.142	15.6232
520.261	41.8031
516.087	41.5014
255.126	19.0498
253.108	18.8615
226.54	16.545
230.766	16.8631
234.991	17.1812
250.934	18.4187
247.797	18.1498
249.21	18.6801
250.104	18.2328
242.606	17.5842
234.584	16.9079
511.236	41.1726
506.386	40.8439
516.679	41.73
221.186	15.4878
224.405	15.7719
224.532	15.1869
228.358	15.7149
229.163	15.6231
225.967	15.3439
215.759	15.4839
215.614	14.4946
216.58	14.2372
222.459	14.6633
223.464	14.7187
226.973	14.9847
231.961	15.3392
228.8	15.0244
248.179	16.381
252.146	16.658
255.713	16.8508
221.252	18.0432
228.695	18.5352
236.137	19.0272
229.654	18.3833
230.766	18.3641
525.436	42.4884
233.503	18.4401
245.381	19.3056
250.078	19.5947
247.226	19.3082
245.284	19.4512
230.554	17.8835
252.827	19.5463
249.465	19.253
435.238	35.8025
206.555	14.7125
269.598	20.3846
267.261	20.1711
261.246	19.6216
260.369	19.4532
259.413	19.3705
265.135	19.6832
248.912	18.2905
253.731	18.6625
252.271	18.5234
253.359	18.5766
254.558	18.6202
248.756	18.1089
250.159	18.1906
242.372	17.5492
487.709	35.945
491.728	36.1909
495.074	36.3954
498.025	36.5979
232.144	16.0813
234.121	16.2005
238.206	16.4381
239.584	16.4715
216.759	15.4568
217.239	14.5794
218.694	14.4088
220.12	14.4894
224.799	14.8375
226.999	14.9978
230.481	15.2507
233.441	15.4277
268.175	17.356
268.606	18.2586
260.481	17.2859
268.816	17.9138
233.719	19.1385
229.835	18.7909
238.951	19.2132
241.764	19.3992
233.302	18.5552
235.839	18.7464
241.282	19.0916
251.296	19.8309
252.838	19.7809
254.869	19.9678
245.352	18.7818
243.41	18.9247
256.19	19.8397
260.335	20.1487
261.595	20.2024
267.692	20.665
277.943	21.1473
271.935	20.598
273.947	20.6882
274.953	20.733
265.718	19.8795
267.131	19.8878
263.138	19.4782
259.01	19.1058
256.531	18.874
261.112	19.214
259.011	19.0076
254.552	18.6009
256.888	18.7608
258.771	18.8689
270.775	19.8118
500.951	37.4625
270.256	19.4694
267.758	19.0375
245.519	17.1492
239.155	16.614
236.828	16.4046
263.006	18.3741
504.908	37.7107
217.759	15.4334
218.758	15.4067
220.808	14.5802
222.62	14.6918
225.934	14.9375
229.32	15.1931
234.03	15.5631
240.909	16.0637
267.609	18.1802
280.959	19.2385
280.009	18.8444
240.318	19.6964
235.528	19.2787
250.976	20.1285
252.106	20.1827
256.144	20.4673
242.45	19.2447
249.061	19.743
256.668	20.3886
256.14	19.926
259.66	20.3408
520.232	38.9566
254.409	19.7759
264.48	20.4578
268.625	20.7669
273.788	21.1275
283.95	21.6965
288.894	22.1219
272.941	20.6435
273.406	21.5289
275.96	20.7357
270.545	20.1813
265.135	19.683
265.265	19.6233
266.486	19.7004
271.764	20.0857
266.798	19.6683
263.685	19.372
260.286	19.0664
262.552	19.1996
267.383	19.5472
274.166	20.0766
270.811	20.3016
271.254	19.4054
264.263	18.6696
270.009	19.1131
283.642	20.0693
274.02	19.2746
276.409	19.4572
514.43	38.5725
513.179	38.6053
518.809	39.1183
323.738	21.6699
524.056	39.5994
326.464	22.3724
327.44	22.1519
515.172	39.0763
254.259	17.122
294.336	20.3081
508.577	38.6346
288.463	19.5493
246.916	20.2543
241.222	19.7665
503.197	38.2563
260.187	20.8577
259.407	20.7545
257.917	20.5012
254.624	20.2
257.889	20.4375
261.819	20.7084
264.254	20.8092
263.38	20.6498
264.626	20.6023
275.09	21.4165
503.148	38.2677
274.637	21.2801
284.186	21.9042
286.009	21.9258
295.726	22.6697
297.103	22.6951
287.221	21.7281
273.958	20.4749
276.227	20.598
277.926	20.3375
272.426	20.2021
274.184	20.3085
275.306	20.3674
270.761	19.9572
269.488	19.7983
268.216	19.6383
273.601	20.039
277.015	20.3002
275.706	20.1945
273.453	20.0157
273.519	19.2628
275.755	19.5565
528.032	40.4705
293.264	20.8641
291.205	20.6465
526.379	40.4815
524.169	40.3653
519.196	40.0049
323.567	22.6551
324.506	22.3107
325.488	22.5891
327.45	23.1518
327.586	23.9654
518.166	40.0285
307.713	21.3778
318.729	22.1085
315.669	21.8362
284.369	23.3427
537.874	41.7997
534.713	41.5712
269.186	21.5576
529.407	41.1528
261.985	20.7991
266.053	21.097
528.138	41.0855
268.467	21.1795
266.96	21.0044
278.145	21.7896
280.247	21.9147
285.554	22.2306
280.514	21.7664
282.35	21.8351
294.597	22.7048
297.98	22.9396
300.92	23.0534
298.481	22.7205
305.459	23.2363
275.092	20.5353
277.888	21.0414
279.587	20.7809
283.182	21.0439
284.67	21.1392
278.117	20.5792
522.051	40.6772
520.357	40.5748
527.703	41.2035
281.789	20.6703
278.502	20.4139
539.18	42.1801
296.998	21.3301
293.242	20.9775
297.203	21.2727
299.023	21.364
298.124	21.2403
300.079	21.3235
308.952	22.0004
541.7	42.4306
321.878	22.5977
323.186	22.2016
325.807	22.4014
326.468	22.8748
328.432	23.4314
327.253	23.0225
321.089	22.4475
324.503	22.659
321.789	22.3807
327.235	22.7756
291.504	23.9099
552.309	43.4849
555.227	43.8725
280.663	22.4809
276.489	22.1371
283.792	22.7166
277.288	21.979
288.523	22.8611
276.574	21.8453
271.735	21.4082
274.94	21.5988
280.247	21.9147
282.349	22.0398
302.269	23.5496
306.722	23.8741
307.652	23.8185
302.622	23.3425
307.561	23.6504
305.125	23.3635
302.69	23.0767
314.208	23.8506
552.976	43.8457
534.949	42.6251
285.558	21.2426
292.907	21.821
287.286	21.3358
533.836	42.547
532.685	42.4941
520.727	41.5918
296.045	21.7734
301.182	22.058
303.227	22.1713
299.846	21.649
298.903	21.4383
300.342	21.5362
305.603	21.8997
304.299	21.7658
303.727	21.6862
314.448	22.4434
313.327	22.3091
320.322	22.665
323.014	23.0487
324.879	22.0287
327.107	22.4921
328.633	22.5783
329.707	23.2819
331.724	23.3398
326.882	22.8799
328.253	22.9283
332.663	23.2295
299.18	24.4724
301.244	24.5898
292.139	23.4043
298.398	23.8756
291.095	23.2961
310.839	24.7551
301.418	23.9255
298.813	23.6945
323.474	25.6048
327.828	25.6453
517.316	41.3589
521.597	41.732
309.08	24.1184
309.713	24.1303
311.245	24.1916
310.014	24.0198
306.318	23.6811
319.585	24.657
523.884	41.9911
517.47	41.5717
322.956	24.4649
514.679	41.3404
481.186	38.7653
312.056	23.3826
298.073	22.2128
493.786	39.8046
321.91	24.0342
319.093	23.7876
306.161	22.6572
503.843	40.6724
305.273	22.2846
302.661	21.9579
303.862	21.9412
305.064	21.926
306.298	21.996
312.492	22.4682
309.748	22.1951
514.987	41.6056
320.071	22.9027
317.575	22.6005
322.511	22.7847
324.225	22.7852
325.884	22.4458
327.264	22.3484
330.273	22.7268
332.833	23.4751
336.079	23.6408
334.058	23.4448
333.469	22.6371
349.803	24.5941
302.656	24.8237
303.308	24.7072
305.261	24.8578
303.615	24.3276
305.7	24.4551
314.09	25.0985
318.003	25.3399
307.496	24.3836
321.259	25.4541
325.689	25.7557
329.967	25.5352
436.213	36.0273
435.92	35.0711
316.258	24.6903
316.063	24.6083
315.077	24.4726
326.345	25.2685
323.808	24.9982
328.383	25.404
485.757	35.9099
331.705	25.0792
333.308	25.1746
334.91	25.2695
331.205	24.9443
322.117	24.1744
313.03	23.4045
319.895	23.9037
325.744	24.3387
316.277	23.5409
314.107	23.3991
312.028	22.791
484.586	35.7423
493.401	36.2932
308.679	22.2119
312.295	22.4979
316.873	22.8513
322.942	23.3088
318.472	22.8743
327.196	23.5536
492.196	36.6884
495.421	36.9523
323.978	22.9847
325.444	23.1847
327.26	23.2571
329.075	23.1268
332.006	23.0064
333.777	23.3315
345.016	24.3413
508.88	38.1771
356.246	25.1296
304.935	24.916
307.214	25.0084
510.598	38.4636
314.004	25.1867
319.242	25.5722
320.582	25.5984
323.583	25.7595
325.398	25.813
327.229	25.939
329.648	26.1704
331.958	25.9292
328.721	25.7742
325.356	25.4815
320.882	25.025
322.974	25.1269
324.66	25.1977
328.031	25.3394
331.647	25.6813
334.912	25.9585
334.74	25.188
337.813	25.5993
336.361	25.4347
338.762	25.5683
349.175	26.4123
357.893	27.1005
361.487	27.3388
342.901	25.7189
361.291	27.2163
362.289	27.2856
314.262	22.6719
316.432	23.0112
491.754	37.1378
337.569	24.6478
494.596	37.3837
318.565	23.0018
324.834	23.5056
332.496	24.0537
342.049	24.7986
364.883	27.5259
502.126	38.0353
397.707	29.1308
399.303	29.1956
500.315	37.945
501.507	38.0725
330.642	23.195
332.21	23.2632
379.967	27.206
363.916	25.8587
366.08	25.9548
354.451	24.9766
499.567	37.9943
501.358	38.131
313.356	25.4261
325.639	26.2615
324.394	26.0458
326.654	26.1659
327.438	26.0719
327.493	26.0235
329.52	26.1283
331.86	26.2996
333.95	26.3231
335.813	26.422
332.086	26.0668
328.233	25.6496
330.456	25.8516
331.28	25.8042
332.941	25.7027
344.482	26.5743
346.268	26.7021
343.666	26.4741
346.458	26.4649
489.073	37.3644
359.14	27.3356
360.262	27.3483
358.75	27.1806
364.014	27.623
363.55	27.3381
360.059	27.0991
362.289	27.2856
363.286	27.3616
318.625	23.1811
320.819	23.3509
331.985	24.2155
343.152	25.0801
492.431	37.5826
338.966	24.6778
496.097	38.006
370.606	27.1796
365.459	26.7086
364.463	26.6183
396.11	29.0659
401.632	29.9411
400.899	29.2605
400.992	29.1516
396.876	28.7565
388.64	27.9659
382.384	27.4178
377.549	26.9942
370.178	26.3164
372.811	26.5041
353.945	28.125
354.883	28.4715
319.497	25.8438
332.04	26.729
330.767	26.5825
331.082	26.425
330.374	26.2427
333.256	26.462
334.62	26.5024
337.288	26.6948
338.394	26.6726
338.822	26.6498
330.728	25.8723
332.857	26.0252
334.751	26.1425
336.934	26.2471
337.851	26.066
342.696	26.4464
350.628	27.0142
509.479	39.2172
356.896	27.3053
358.018	27.3204
367.809	27.9948
365.44	27.7815
367.807	27.8896
368.489	27.8492
370.499	27.9618
365.279	27.5305
364.282	27.4481
504.128	38.912
506.058	39.228
326.402	23.7832
516.919	40.1407
348.735	25.5124
353.097	25.85
371.815	27.3759
375.753	27.6506
512.316	39.9063
384.718	28.2364
393.818	28.9212
397.804	29.2053
401.855	28.9663
402.496	29.3255
404.6	29.4839
392.759	28.3614
391.774	28.202
385.924	27.6659
382.733	27.3597
379.543	27.0534
384.643	27.4287
353.138	28.7156
354.939	28.2316
355.877	28.5788
341.936	27.5619
336.471	27.0798
335.269	27.001
334.964	26.4487
336.137	26.681
333.917	27.2129
339.813	26.8862
342.751	27.0978
344.531	27.1776
342.855	26.9334
517.445	40.3387
339.119	26.5269
344.892	26.8406
342.653	26.6737
344.174	26.6339
522.574	40.7711
360.952	27.7929
367.212	28.1448
371.71	28.4858
373.544	28.5022
370.618	28.2146
373.22	28.3267
375.243	28.4333
376.905	28.5114
379.752	28.7073
395.707	29.9421
399.55	30.227
404.231	30.57
541.7	42.4307
544.22	42.681
349.807	25.5954
350.879	25.6784
387.592	28.699
383.842	28.3178
388.194	28.6672
386.456	28.4516
395.128	29.0623
398.634	29.3185
402.649	29.5734
409.932	30.6814
409.315	29.8945
405.551	29.7905
399.762	28.8945
402.009	29.0892
391.639	28.0988
388.344	27.7457
389.744	27.8041
355.689	28.893
356.842	28.8416
351.832	28.3948
345.813	27.8585
339.406	27.5666
339.444	26.9999
339.019	26.9
548.264	43.0829
554.102	43.8583
344.594	27.2476
349.374	27.6091
352.316	27.8095
346.889	27.217
344.818	27.01
344.052	26.928
347.13	27.0076
345.652	26.8208
553.548	43.0254
532.643	42.4583
371.276	28.5717
374.027	28.7223
376.209	28.8269
377.607	28.7879
380.227	28.9256
378.633	28.7639
382.015	28.9488
385.432	29.1905
390.854	29.578
397.715	30.098
530.338	42.2915
408.912	30.913
415.23	31.3356
525.532	41.9417
509.114	40.6929
403.386	30.0223
388.575	28.7174
393.291	29.1169
503.796	40.2997
497.516	39.8274
403.03	29.707
405.798	29.872
407.493	29.9415
410.762	30.1233
414.03	30.3051
406.501	29.4787
404.255	29.2839
399.655	28.7887
499.101	40.0194
394.844	28.1795
404.134	28.8056
357.087	29.0245
358.905	29.0624
360.939	29.1549
357.715	28.8657
355.155	28.6371
343.581	27.5655
344.959	27.4813
360.864	28.8154
506.89	40.6799
473.493	38.1205
351.672	27.8503
360.381	28.4819
354.977	27.9599
351.998	27.6158
349.212	27.3549
353.335	27.5004
475.283	38.289
370.105	28.684
373.664	28.9187
374.592	28.8677
377.529	29.0481
378.904	29.0981
381.461	29.2783
386.441	29.4763
383.446	29.1372
390.481	29.6522
391.955	29.7272
396.663	30.0305
402.471	30.4829
404.747	30.6386
410.167	31.0348
413.593	31.256
416.866	31.4157
417.903	31.3901
412.636	30.8077
410.925	30.6434
402.108	29.8802
491.152	39.637
432.908	31.8686
478.462	38.6017
409.163	30.2537
414.034	30.5015
410.764	30.2215
421.016	30.8302
419.644	30.6529
414.49	30.1712
433.16	34.9246
407.671	29.4785
398.711	28.4489
402.579	28.7183
360.967	29.2832
364.767	29.4771
364.434	29.4327
362.933	29.2748
368.366	29.6922
350.899	28.0626
363.161	29.0567
358.566	28.5741
356.268	28.3329
353.97	28.0916
378.456	29.9458
371.698	29.3182
357.638	28.1103
354.255	27.7621
351.935	27.5389
359.94	27.9749
366.545	28.4493
372.126	28.8393
377.836	29.1722
380.892	29.3492
383.922	29.5476
382.692	29.413
388.037	29.8085
394.658	30.0252
397.984	30.2601
398.477	30.2639
403.011	30.5839
407.001	30.8514
408.634	30.9453
413.157	31.2846
416.503	31.5208
415.877	31.4517
420.739	31.6087
418.94	31.3643
417.297	31.1905
420.193	31.4116
482.302	35.2877
431.997	32.2814
432.536	32.7968
415.295	30.8004
421.427	31.3471
424.544	31.3278
425.976	31.2324
424.419	31.0819
482.588	35.9327
418.32	30.4652
420.009	30.6013
415.687	30.1683
414.279	29.58
409.115	29.1897
362.515	29.4284
365.915	29.6671
368.434	29.7678
369.989	29.8489
373.8	30.1097
382.046	30.7165
376.727	30.19
486.099	36.1345
488.542	36.3824
491.816	36.6877
390.85	31.2482
390.894	30.7291
364.94	28.6907
361.883	28.3784
488.212	36.4232
500.027	37.4409
500.805	37.7264
370.587	28.7599
377.591	29.3359
384.255	29.6504
390.079	30.0801
389.413	29.9894
395.23	30.4797
402.875	30.5741
401.083	30.4943
403.386	30.7118
404.551	30.7227
488.912	36.8919
413.888	31.3792
417.325	31.6334
421.103	31.8903
418.16	31.6473
425.418	31.9301
424.473	31.801
488.077	36.9312
425.433	31.8942
427.118	31.9252
430.546	32.176
433.449	32.3879
430.504	32.1408
427.559	31.8938
428.412	31.6132
432.183	31.9445
431.497	31.6908
431.039	31.6271
421.458	30.7018
424.596	30.9384
419.479	30.4463
417.583	30.3073
419.443	29.9703
373.426	30.2458
374.548	30.2866
374.789	30.2646
496.425	37.6048
493.937	37.453
390.292	31.3233
492.56	37.4721
487.222	37.1067
430.104	34.2843
419.844	33.4219
403.288	32.0315
368.544	28.935
372.148	29.1793
367.448	28.7744
484.686	36.962
491.094	37.6731
492.313	38.394
374.089	29.0479
381.093	29.6239
393.04	30.3451
395.91	30.5642
400.567	30.9373
402.901	31.1837
411.899	31.5937
416.796	31.9327
413.842	31.648
411.334	31.2315
412.611	31.3048
418.616	31.7433
423.637	32.133
427.65	32.4213
431.529	32.6707
430.052	32.2445
432.605	32.3935
431.462	32.4287
432.778	32.5448
431.613	32.2617
436.178	32.6036
437.022	32.6636
436.123	32.5779
431.841	32.2359
438.254	32.4641
437.269	32.2581
436.412	32.1207
433.283	31.7372
435.446	31.843
447.541	32.8049
452.784	33.2231
422.518	30.501
422.519	29.9025
499.763	38.4295
380.786	30.8087
379.589	30.6803
500.966	38.6227
492.257	37.996
411.107	32.9865
496.185	38.3789
444.819	35.5754
437.049	34.8695
434.417	34.6452
411.566	32.7267
504.074	39.0963
374.847	29.3656
374.051	29.3038
373.014	29.1705
376.948	29.4418
493.04	38.2791
385.98	30.0353
384.595	29.9119
491.404	38.1989
399.952	30.8976
408.226	31.5397
426.774	32.9762
422.108	32.79
425.025	32.6777
423.649	32.4694
413.278	31.1945
415.372	31.4747
420.568	31.8935
430.959	32.7309
442.48	33.6666
434.331	32.9873
433.602	32.6338
435.158	32.5426
433.697	32.6269
435.932	32.8251
438.287	33.0315
441.999	33.352
442.475	33.0839
440.5	32.9295
445.213	33.5991
444.332	32.9852
443.606	32.7834
441.786	32.6142
411.038	31.9798
434.364	31.792
409.171	31.8432
455.389	33.428
456.419	33.5155
425.609	30.4406
391.186	31.6496
384.186	31.0731
393.499	30.6962
427.834	34.3926
419.471	33.6895
424.555	34.0279
443.486	35.4851
446.152	35.6657
443.994	35.4546
443.724	35.4201
498.495	39.8452
376.988	29.5127
376.202	29.4539
499.919	39.9766
375.597	29.3609
381.234	29.7337
384.641	29.958
387.708	30.164
498.439	39.8773
401.178	31.0135
402.403	31.1294
423.162	32.7062
430.385	33.2464
432.004	33.3095
432.169	33.2125
439.313	33.7472
414.325	31.3343
414.736	32.2462
425.763	32.3122
451.425	34.4459
453.204	34.5028
435.499	33.0336
437.835	33.1261
442.378	32.8884
491.312	39.3588
442.439	33.4044
445.711	33.6724
444.885	33.2503
447.358	33.4692
446.24	33.2887
445.36	32.6749
450.279	33.4835
450.766	33.3867
449.856	33.3021
486.415	38.9703
469.036	37.7153
461.178	33.8769
460.055	33.8079
463.219	34.0091
430.801	30.8436
385.993	31.2467
411.785	33.3104
423.105	34.1971
434.426	35.0837
436.197	35.0956
468.468	37.7196
438.003	35.0693
446.965	35.7715
450.316	35.9937
453.032	36.1949
470.173	37.89
465.772	37.5664
378.919	29.6427
380.057	29.7069
377.827	29.5339
383.111	29.8731
430.4	34.7781
391.462	30.4552
393.62	30.6026
400.692	31.1195
405.084	31.3829
429.256	33.2172
429.799	34.0567
439.604	33.9607
434.029	35.5988
449.046	34.5231
452.388	34.7866
456.141	35.0839
476.261	34.7859
460.37	35.2253
462.882	35.4357
463.929	35.339
436.667	33.0799
442.239	33.6214
449.548	33.5242
449.827	34.0835
451.635	34.1384
458.367	34.622
464.051	34.8399
459.711	34.4695
456.518	34.1528
453.326	33.836
454.174	33.7218
457.926	33.99
479.376	35.0991
480.478	35.6065
466.966	34.3259
465.191	34.2709
468.493	34.3597
466.384	34.2103
422.06	34.1653
430.508	34.8055
438.957	35.4457
442.213	35.6871
444.561	35.7987
452.694	36.4305
453.691	36.3301
450.328	36.0507
460.438	36.806
465.689	37.225
478.554	35.4314
477.425	35.2551
382.428	29.8859
383.708	29.9497
384.987	30.0127
387.145	30.1602
389.304	30.3077
480.453	35.7401
416.521	32.3172
407.764	31.6364
435.35	33.7282
473.639	36.104
455.424	35.2445
484.607	36.1588
452.622	34.8082
456.198	35.0933
459.894	35.3811
491.173	36.7046
467.801	35.8784
465.341	35.6571
469.165	35.7451
470.466	35.8404
446.695	33.7943
451.151	33.9671
456.243	34.3533
461.394	34.7715
465.099	35.1056
468.391	35.2103
466.128	35.0076
465.495	34.95
491.952	37.3322
491.012	36.9893
465.536	34.6119
468.299	34.8513
469.716	34.7421
471.132	34.633
470.363	34.5554
469.55	34.7233
470.492	34.4402
468.438	34.3253
424.88	34.4852
429.554	34.5079
428.614	34.1653
448.681	36.2029
446.787	36.0161
451.694	36.3788
462.785	37.0852
474.173	37.9977
476.469	38.1548
472.717	37.8093
476.568	38.0913
481.219	36.2517
387.03	30.2227
479.893	36.2466
384.31	30.7483
495.851	36.786
495.181	37.5285
481.119	36.3977
489.514	37.2557
425.278	32.9981
433.6	33.6393
441.444	34.2391
458.904	35.6121
471.245	36.5283
482.944	37.4411
466.045	35.8861
475.892	36.679
472.855	36.4037
476.695	36.6637
485.187	37.3367
483.423	36.8229
474.097	36.1293
477.307	36.3639
486.469	37.0392
479.029	36.5134
468.301	35.3424
466.545	35.1897
471.383	35.5643
473.997	35.6952
471.28	35.4305
490.241	37.6262
490.176	36.6283
487.89	36.4317
473.146	35.2339
474.402	35.4571
474.257	34.7481
473.591	34.8397
474.188	35.1729
492.424	37.5495
473.546	34.5879
427.64	34.6317
427.764	33.6393
457.226	36.8846
457.226	36.8846
493.679	38.0097
462.734	37.245
471.878	37.8404
481.518	38.5818
493.007	39.4512
488.272	39.059
487.447	38.9575
497.803	38.3334
391.632	30.5596
395.365	30.8328
399.967	31.1696
404.569	31.5064
412.904	32.1164
417.506	32.4532
426.71	33.1267
431.747	33.5042
435.93	33.8198
480.934	37.0503
476.363	36.985
483.9	37.5947
494.676	38.3593
498.643	38.6432
487.779	37.6585
