6.76608	0.420271
12.9902	0.852703
16.3207	1.08495
23.1439	1.61611
26.3722	1.85164
29.8937	2.06222
26.3513	1.73336
19.0578	1.074
18.8162	1.00422
20.1143	0.993543
19.0062	0.711543
563.466	41.9918
19.5664	0.676148
28.5535	1.37774
27.9328	1.23901
30.7537	1.22073
33.4162	1.41033
37.6206	1.61408
41.1543	1.84524
41.6065	1.76177
42.4467	1.68556
45.46	1.93291
45.1839	1.77474
48.4828	2.02567
44.3737	1.6697
544.793	40.6945
42.4364	1.39232
538.569	40.2627
31.4315	0.412124
33.8664	0.569668
31.9413	0.330959
38.4224	0.829266
40.8698	1.01763
7.9121	-2.03931
9.07635	-1.97599
7.3038	-2.20226
12.7902	-1.78237
21.2784	-1.38365
19.3948	-1.54744
17.9826	-1.68154
18.2732	-1.69485
21.1989	-1.60082
543.95	40.7242
26.0293	-1.45963
540.409	40.5615
19.4215	-2.17432
25.6456	-1.74189
38.0938	-0.877025
44.3179	-0.444593
50.542	-0.0121613
32.2512	2.43943
20.8528	1.48762
32.5499	2.39359
42.3236	3.14674
33.2283	2.37655
31.0984	2.15467
543.615	40.9525
22.0642	1.41841
21.5493	1.10085
22.6056	0.993452
26.2669	1.26789
27.8276	1.35384
29.3883	1.43977
32.9287	1.68423
36.5471	1.90427
39.6222	2.03912
38.5361	1.80484
40.4301	1.85538
44.4116	2.08988
47.0341	2.21911
48.4733	2.18035
53.0915	2.4503
54.8939	2.5525
52.7263	2.3355
55.4521	2.54171
48.9611	1.93232
46.6411	1.69531
47.8226	1.7407
37.4524	0.875615
34.6968	0.603292
37.5613	0.763274
43.3172	1.206
542.39	41.0054
14.3734	-1.51492
18.252	-1.19045
17.1375	-1.32819
21.3622	-0.883556
33.0865	-0.174061
36.8633	0.250948
25.7521	-1.09381
30.3785	-0.852899
34.1181	-0.577682
544.274	41.2044
39.705	-0.342214
44.5958	0.0571294
68.0657	1.88845
80.4517	2.84257
545.7	41.3309
549.523	41.6417
536.908	40.8843
43.6496	3.39125
50.8715	4.6758
41.9559	3.17108
44.0521	3.29961
40.5954	2.98962
36.053	2.59129
39.2898	2.84638
35.7096	2.48275
24.9854	1.53517
535.941	40.8348
39.1518	2.27533
35.6296	1.99396
38.4717	2.19227
37.067	2.04815
38.0835	2.09705
535.375	40.8642
42.6972	2.17397
533.047	40.7376
49.0287	2.42843
53.6459	2.76699
531.857	41.1387
56.9566	2.8225
58.13	2.84187
60.2378	2.99575
58.1778	2.74972
55.4858	2.47231
549.74	42.4852
50.6636	1.98983
56.5304	2.45156
564.245	43.7922
555.35	43.1443
54.6638	1.96908
44.0222	0.966059
33.1377	0.0552403
22.2532	-0.855577
559.825	43.5349
60.0135	1.94864
46.55	0.887292
40.3734	0.359361
36.3749	-0.162113
36.9385	-0.381727
34.8818	-0.526306
38.0918	-0.287205
41.2625	-0.0776229
49.4866	0.457269
61.8726	1.41139
74.2587	2.36551
86.6447	3.31962
107.268	5.76258
106.832	4.86265
51.6555	4.05135
50.2637	3.88273
49.3399	3.73505
45.7136	3.41719
44.1942	3.28099
41.742	3.06368
41.0717	2.95653
30.3475	2.00897
44.533	2.70212
42.6742	2.55547
40.6222	2.39006
44.5595	2.70162
41.7237	2.43542
43.7995	2.58778
564.3	43.9264
48.9358	2.6165
55.1744	3.05904
59.9999	3.40118
558.046	43.4695
63.8777	3.57659
62.1365	3.29196
63.952	3.3601
65.5817	3.439
66.9858	3.4745
59.2459	2.78913
60.3141	2.8285
65.2112	3.18653
70.1083	3.54457
564.504	44.0343
566.57	44.2266
565.843	44.344
75.6556	3.65427
82.9851	4.24267
96.7554	5.28452
564.292	44.2511
66.6984	2.48124
67.7891	2.55612
53.1506	1.35501
39.45	0.0599828
42.5517	0.298598
44.1901	0.343718
43.1475	0.186652
42.105	0.0291897
44.5825	0.154763
55.6796	0.934329
117.32	5.75403
112.995	5.39332
104.227	4.674
107.83	4.93499
98.0384	3.76728
56.8162	4.51935
55.8977	4.37344
53.4705	4.12262
54.1871	4.11247
48.7254	3.65743
567.931	44.5855
47.2178	3.47478
563.933	44.535
45.4403	2.27721
46.3901	2.8506
50.9679	3.2133
48.4967	3.01423
47.5569	2.9104
51.0916	3.18953
50.0346	3.09313
52.4247	3.28786
56.6673	2.82172
57.5849	3.23025
66.243	3.84395
72.486	4.28613
66.499	3.74346
561.558	44.4317
71.133	3.89552
73.4572	4.05022
75.7938	4.19928
79.5083	4.49489
559.687	44.3324
76.2665	4.02954
82.4247	4.51451
89.8411	5.0716
94.3386	5.40284
95.114	5.24945
90.3147	4.83108
95.7069	5.21452
97.8039	5.35437
96.7604	5.09117
73.3833	3.01383
70.9676	2.77973
65.9277	2.35066
61.4047	1.90081
50.194	0.906782
47.1271	0.615795
44.0566	0.24008
43.4776	0.153007
43.5567	1.14989
124.155	6.32862
121.644	6.11473
118.436	5.83291
111.432	5.19718
102.427	4.14332
69.3071	5.57124
66.2788	5.26725
58.6629	4.50032
55.2715	4.1934
59.5101	4.51187
53.364	3.99302
557.841	44.3215
555.583	44.2903
46.3475	1.85221
53.3175	3.40094
55.6673	3.58627
50.906	3.19637
548.067	43.7245
60.9833	3.99174
54.8146	3.48483
55.6739	2.96623
56.7718	3.81438
106.778	7.24123
97.8653	6.41897
91.331	5.81849
543.439	43.3865
540.599	43.2168
81.5419	4.722
81.3204	4.66488
83.2229	4.7905
538.248	43.1016
535.897	42.9864
93.483	5.41102
93.7571	5.37257
545.127	43.8757
99.0421	5.67446
96.7749	5.39127
97.6448	5.39588
99.9491	5.52172
98.8781	5.4178
95.7082	4.86583
84.6657	3.92354
78.189	3.35708
73.6971	2.94932
55.7994	1.4038
48.1012	0.677471
46.0081	0.450952
44.7419	0.305647
43.7512	0.169017
137.21	7.48778
126.666	6.5425
121.664	6.06303
117.451	5.66852
116.222	5.50932
115.3	5.2644
73.5023	5.95564
72.1477	5.78915
74.6268	5.95305
69.7298	5.40427
68.8978	5.27178
86.7788	6.71946
95.1167	7.38104
547.891	44.1255
553.343	44.7886
549.33	44.4671
59.9928	3.93423
62.1555	4.10821
78.4605	5.41987
76.0472	5.21893
539.891	43.6954
54.9037	3.60367
55.7994	4.04965
110.445	7.567
103.111	6.91546
100.151	6.60815
96.8158	6.11419
102.301	6.40919
89.8322	5.39016
84.6576	4.95658
85.9382	5.01228
92.5559	5.51547
98.9914	5.91972
103.444	6.24104
95.5781	5.54228
97.6731	5.67354
102.686	6.03936
104.03	6.00714
106.862	6.16367
103.538	5.89478
104.128	5.69521
106.676	5.79123
539.618	43.7112
91.3826	4.45361
82.4938	3.67804
94.5982	4.65093
527.961	39.4481
537.2	40.0879
45.4628	-0.386365
44.5025	-0.665275
147.754	8.43306
536.874	40.479
533.797	40.3171
124.104	6.19209
120.491	5.8591
120.774	5.78643
77.9747	6.29393
82.4471	6.63222
77.6339	6.11843
80.6411	6.28225
78.4409	6.05788
98.8139	7.67691
100.754	7.82612
109.928	8.54648
111.125	8.63544
543.298	41.4247
64.3182	4.28219
68.6437	4.63016
89.6942	6.32794
539.427	40.8479
527.013	39.9448
529.398	40.2482
114.112	7.89278
107.649	7.38803
104.726	7.29922
104.712	6.68691
107.68	6.74736
114.874	7.39119
525.565	39.9753
535.608	39.8918
96.0598	5.8171
99.5637	6.11873
105.798	6.47151
112.047	6.93547
114.776	7.11912
110.004	6.6953
110.802	6.53643
109.844	6.41483
108.202	6.24295
106.392	6.04653
114.711	6.43494
112.156	6.20196
110.296	6.00021
123.174	6.94769
118.807	6.59669
106.703	5.62381
147.218	8.80107
148.216	8.87223
157.957	9.39759
154.456	9.04101
152.591	8.85918
156.558	9.19895
125.01	6.61523
126.543	6.32116
123.53	6.05116
126.314	6.234
527.551	40.2423
93.7429	7.57052
531.338	40.4545
97.444	6.73774
94.7667	7.39019
101.567	7.90364
99.7664	7.98137
107.335	8.34341
112.32	8.73526
111.792	7.88704
111.266	7.03642
530.533	41.0131
113.578	8.26427
122.294	8.95071
529.23	40.8401
535.943	41.3381
535.201	41.5452
123.247	8.63832
118.842	8.29502
107.378	7.45383
107.281	7.34208
122.984	8.05736
126.53	8.34749
132.12	8.79839
544.194	42.2671
542.092	42.1864
108.708	6.79659
124.171	7.90234
120.838	7.60256
117.505	7.30278
114.154	6.9196
115	6.81771
113.518	6.67183
109.703	6.34419
119.635	6.86857
120.378	6.87197
116.94	6.56538
122.698	6.96888
127.541	7.29869
143.491	8.53032
148.215	8.88155
149.212	8.95564
159.801	9.63263
160.606	9.63518
159.524	9.47109
160.524	9.53976
177.202	10.4666
125.894	7.08178
130.999	6.65092
135.454	6.98069
100.91	8.16583
98.8688	7.9963
96.8762	7.56092
97.873	7.64104
100.979	7.8919
109.713	8.56308
117.751	9.1763
118.901	9.25254
111.266	7.03642
110.282	7.21027
546.33	42.5272
542.215	42.2534
129.743	9.59383
131.01	9.63715
138.416	10.0944
137.103	9.87137
135.79	9.64838
151.318	10.8047
114.436	7.95173
110.031	7.60843
557.431	43.4782
128.545	8.51511
135.124	9.05775
135.702	9.07157
130.828	8.59464
119.768	7.69562
132.365	8.58246
131.432	8.48206
126.759	8.09026
130.099	8.43539
133.439	8.78052
123.843	7.47967
562.962	44.1148
124.816	7.2983
122.84	7.09311
124.322	7.17614
120.987	6.88353
131.965	7.7134
150.17	9.06571
150.034	9.0283
152.116	9.16468
157.103	9.51693
163.35	9.88594
165.732	10.0535
164.494	9.88483
176.251	10.771
178.099	10.9062
560.082	43.8857
148.053	7.98106
153.709	8.4256
108.076	8.76113
102.95	8.33535
565.303	44.3517
139.288	11.2288
137.763	10.9714
127.397	9.99702
118.555	9.28005
125.635	9.77962
139.257	10.8328
562.708	44.4302
152.592	11.8553
148.203	11.183
140.368	10.4876
136.28	10.1103
139.726	10.3236
139.202	9.47238
560.257	44.2208
148.007	10.6003
154.629	11.0104
156.331	11.0719
557.597	44.1475
152.926	10.6047
148.74	10.2182
138.691	9.31618
137.294	9.1631
136.418	9.00496
139.116	9.15081
134.807	8.77338
136.316	8.85254
133.668	8.62823
136.962	8.8965
134.005	8.2728
132.851	8.15645
136.89	8.44302
130.98	7.83205
130.015	7.69228
132.777	7.81704
141.232	8.45793
154.774	9.45019
153.242	9.29507
156.313	9.52443
160.388	9.81616
168.744	10.3947
167.262	10.2123
167.825	10.1954
169.856	10.303
181.795	11.1768
179.947	11.0417
556.152	44.1027
155.994	8.61579
118.761	9.59168
129.446	10.4222
141.048	11.2677
140.014	10.9846
136.239	10.714
544.423	43.2783
159.995	12.4926
152.878	11.8859
158.706	12.1882
157.031	11.9664
152.642	11.2941
147.245	11.0577
154.928	11.5613
153.072	11.3913
151.217	11.2177
155.434	11.5219
152.73	11.1022
154.182	11
157.238	11.2019
158.114	11.1563
156.498	10.9478
154.536	10.7284
154.367	10.6538
144.248	9.7417
542.083	43.248
142.114	9.43704
147.175	9.81569
138.447	9.00938
140.577	9.1662
145.141	9.46282
140.486	9.01251
138.658	8.60551
140.928	8.7306
137.143	8.3658
135.707	8.20843
536.1	42.7715
146.813	8.89759
153.372	9.40425
159.78	9.84747
160.249	9.85575
158.651	9.70668
167.491	10.3691
170.481	10.5537
171.219	10.5311
533.927	42.6385
185.72	11.5502
185.261	11.3404
187.009	11.4321
530.108	42.3764
164.138	9.28418
131.073	10.6845
527.181	42.1453
140.132	11.2528
142.809	11.3067
141.765	11.1363
175.111	14.1809
167.111	13.0993
170.598	13.1894
160.381	12.41
164.183	12.5665
533.546	42.8712
526.99	42.3467
154.122	11.6279
156.588	11.7955
518.173	41.6505
158.629	11.8009
157.453	11.6032
158.3	11.2626
159.787	11.386
160.395	11.3789
159.447	11.2027
160.946	11.2845
163.28	11.374
159.993	11.0895
155.762	10.6666
157.46	10.758
149.814	10.0661
153.591	10.3209
152.66	9.90019
148.317	9.79931
151.184	9.88766
145.835	9.45008
146.85	9.2455
149.028	9.3647
140.958	8.6742
552.341	44.7083
152.394	9.33726
157.976	9.77692
161.504	10.0422
164.786	10.2448
168.568	10.5241
172.35	10.8035
173.279	11.1666
174.212	10.8143
175.578	10.9028
188.374	12.0699
187.977	11.4624
188.757	11.5238
180.698	10.7239
177.348	10.3914
142.634	11.6324
551.339	44.628
149.139	12.0615
148.045	11.6257
176.09	13.9614
174.227	13.706
172.631	13.3485
168.566	13.0304
172.649	13.3266
171.335	13.1665
175.196	13.3804
167.459	12.7304
159.722	12.0804
527.668	42.6618
168.239	12.5782
166.716	12.4
163.279	12.0907
162.336	11.57
164.333	11.6809
161.896	11.4412
163.409	11.503
166.388	11.7333
166.566	11.6586
172.435	11.9591
163.342	11.2225
159.158	10.8538
160.027	10.8369
156.898	10.5506
152.565	10.4553
151.635	10.0875
161.578	10.6738
158.31	10.2803
155.042	9.88548
159.184	10.1706
165.242	10.6264
534.649	43.2685
488.646	35.4289
164.633	10.3205
167.75	10.5411
172.831	10.8806
175.221	11.0593
178.121	11.2667
179.031	10.8571
179.937	11.2745
190.898	12.2298
192.314	11.818
193.32	11.9411
184.727	11.1239
179.023	10.5576
184.797	10.9777
138.133	11.1931
150.472	12.2872
158.309	12.9417
158.402	12.2947
491.428	35.7494
177.958	14.2141
177.73	13.7466
494.21	36.0699
178.862	13.7981
176.732	13.6238
174.088	13.3916
183.041	14.0279
182.095	13.7274
180.666	13.609
176.933	13.2953
170.153	12.7091
166.733	12.4001
167.761	12.2967
166.858	11.8902
169.181	12.0543
174.85	12.4764
173.811	12.3339
175.428	12.4259
185.522	13.0227
181.529	12.6957
166.013	11.3946
167.654	11.4825
161.966	10.981
158.271	10.6631
154.953	10.3753
497.067	36.4275
174.247	11.7426
500.948	36.7792
162.832	10.4652
164.771	10.5955
171.299	11.0823
173.372	11.1878
171.304	10.9105
176.899	11.3478
176.114	11.1874
179.485	11.4133
183.894	11.7299
188.243	12.0529
189.023	12.0234
193.419	12.3881
191.796	12.6739
196.652	12.1742
195.543	12.2352
506.748	37.6505
517.354	38.6338
527.915	39.535
530.6	40.0611
174.374	14.0225
168.703	13.3429
179.955	14.2829
181.367	14.2486
182.896	14.2626
182.589	14.103
180.991	13.9723
182.466	14.0868
527.403	39.8051
190.879	14.6732
183.53	13.8503
182.099	13.7303
184.503	13.9333
169.822	13.6525
169.062	13.0002
168.758	12.0462
170.685	12.1823
529.304	40.0833
180.567	12.8993
184.909	13.2285
189.516	13.3498
187.626	13.1863
180.169	12.5423
173.898	12.0077
170.676	11.7128
179.184	12.3916
191.935	13.2873
190.896	13.1707
186.916	12.8114
524.723	39.8038
519.665	39.4848
172.333	11.1984
177.593	11.5786
176.518	11.477
517.259	39.3261
186.239	12.0591
182.3	11.7318
187.005	12.0887
188.366	12.1331
189.726	12.1874
192.105	12.3289
194.709	12.49
199.046	12.819
200.871	12.46
200.103	12.4827
197.766	12.5282
515.227	39.2106
191.469	11.4085
507.523	38.6091
190.59	15.3738
183.613	14.7754
186.874	15.0033
174.329	13.8126
186.165	14.7979
187.301	14.6989
185.184	14.4111
184.186	14.2337
185.783	14.3644
188.2	14.5497
189.54	14.6115
199.058	15.3324
187.268	14.1659
190.447	14.434
192.074	14.5714
529.685	40.4643
528.674	40.0063
175.947	12.5843
181.21	12.9863
184.896	13.2675
188.698	13.5575
194.941	14.0391
194.402	13.7552
199.289	14.1607
177.987	12.3428
180.891	12.5637
187.692	13.0707
195.096	13.6457
192.973	13.4043
193.748	13.3897
196.601	13.6087
527.929	40.6724
531.936	41.0057
181.834	11.9316
183.887	12.0748
524.936	40.5144
190.178	12.3853
186.239	12.0585
191.35	12.4395
193.837	12.6083
192.772	12.4531
194.36	12.5176
198.955	12.8218
203.833	13.1665
204.224	13.2318
204.857	12.7601
201.363	12.3299
198.141	11.8394
194.805	11.624
201.128	16.3197
197.566	15.9717
196.014	15.7297
193.493	15.4915
192.376	15.3129
196.65	15.501
187.97	15.4337
187.472	14.5596
189.756	14.6992
195.014	15.1069
199.038	15.4287
203.032	15.6842
204.26	15.7225
192.995	14.6488
200.275	15.2626
526.43	40.7478
541.033	42.0372
537.855	41.8455
535.736	41.707
183.783	13.1832
186.24	13.3714
203.888	14.783
204.974	14.8497
532.481	41.4934
214.843	15.4576
217.161	15.6509
189.791	13.264
199.795	14.0674
203.628	14.3533
208.527	14.7163
202.47	14.184
203.268	14.0556
209.748	14.5443
212.24	14.7323
190.281	12.5922
192.211	12.7242
199.263	13.196
197.059	12.9557
194.204	12.6976
200.873	13.1897
199.15	12.9489
204.797	13.3333
200.252	12.9563
202.898	13.1197
208.554	13.5147
209.57	13.4845
214.932	13.7361
234.177	15.1579
238.982	15.415
537.523	41.9459
204.689	16.6677
202.539	16.4091
201.64	15.8977
201.486	16.42
198.586	15.8279
205.999	16.3031
542.565	42.3985
547.607	42.8511
562.692	44.1197
213.649	16.6483
203.062	15.7505
207.006	16.0359
209.461	16.1127
214.663	16.502
208.864	15.9905
207.166	15.8397
206.17	15.7512
561.714	44.3255
561.483	44.3255
556.352	43.887
240.223	17.7886
218.99	16.0032
215.094	15.6655
227.58	16.535
225.436	16.3409
219.479	15.8441
554.349	43.9411
551.476	43.7608
209.799	14.8708
206.986	14.625
215.129	15.2773
537.369	42.7959
534.275	42.6045
214.732	14.9203
530.945	42.3733
203.191	13.6277
201.467	13.4363
211.204	14.2024
204.589	13.5595
206.041	13.6501
204.47	13.5052
208.804	13.645
210.982	13.7821
214.338	13.7785
212.233	13.801
215.238	13.9753
219.699	14.2955
229.371	14.9009
243.788	15.6722
251.782	16.4691
207.541	16.869
208.473	17.2303
207.097	16.5769
212.412	16.9778
208.893	16.606
213.449	16.9008
227.417	17.8885
221.031	17.3133
216.11	16.87
211.189	16.426
213.928	16.5929
221.221	17.11
219.851	16.9671
220.473	16.9392
213.354	16.3537
206.131	15.2023
205.191	15.5442
526.402	42.069
524.255	41.9143
245.78	18.2559
234.666	17.3213
222.314	16.2272
228.633	16.6993
229.659	16.7151
236.616	17.2455
522.926	41.8213
248.404	18.091
246.706	17.9421
226.795	16.2689
220.194	15.7079
217.661	15.4926
526.17	42.2473
217.963	15.2065
218.976	15.202
216.831	14.7442
222.594	15.2291
220.941	14.9689
223.454	15.1565
211.664	14.1363
208.067	13.8208
214.697	14.0959
212.812	13.9567
213.969	14.2293
217.417	14.2516
215.912	14.0873
218.769	14.2472
224.16	14.6156
244.217	16.0928
248.874	16.2705
258.307	17.013
213.523	17.4502
214.397	17.4531
209.349	16.7467
211.6	16.9166
217.541	17.3648
224.153	17.864
224.456	17.7233
235.766	18.5642
218.571	17.0917
211.762	15.6074
210.765	15.521
222.591	17.253
224.665	17.3915
234.969	18.0953
216.914	16.6459
207.076	15.529
206.082	15.633
520.26	41.7999
516.087	41.4983
255.126	19.0508
253.107	18.8625
226.539	16.5457
230.765	16.8641
234.99	17.1825
250.933	18.4201
247.796	18.1501
249.21	18.684
250.103	18.2356
242.605	17.5857
234.583	16.9097
511.237	41.1689
506.387	40.8403
516.68	41.726
221.181	15.4892
224.4	15.7713
224.537	15.1883
228.358	15.7147
229.163	15.6231
225.966	15.3441
215.729	15.4941
215.615	14.5005
216.58	14.2362
222.462	14.645
223.464	14.7182
226.972	14.9839
231.96	15.3375
228.8	15.0209
248.183	16.3711
252.149	16.6491
255.713	16.8448
221.253	18.0372
228.695	18.5304
236.137	19.0237
229.652	18.3807
230.764	18.3631
525.436	42.4838
233.501	18.4408
245.38	19.3066
250.079	19.5932
247.227	19.3068
245.285	19.4509
230.554	17.8832
252.827	19.5429
249.465	19.2514
435.18	35.7284
206.489	14.7196
269.602	20.3858
267.264	20.1722
261.247	19.6224
260.369	19.4546
259.412	19.3717
265.133	19.6864
248.911	18.2927
253.73	18.6652
252.27	18.524
253.358	18.5755
254.557	18.6218
248.755	18.109
250.159	18.1913
242.371	17.5505
487.709	35.9303
491.729	36.176
495.074	36.3805
498.025	36.5829
232.143	16.0815
234.121	16.2004
238.206	16.4379
239.584	16.4712
216.73	15.4775
217.216	14.6036
218.687	14.4448
220.124	14.4635
224.799	14.8288
226.999	14.996
230.481	15.2497
233.44	15.4254
268.174	17.3576
268.605	18.2604
260.483	17.2779
268.817	17.9067
233.721	19.1315
229.836	18.7844
238.95	19.2101
241.763	19.3965
233.3	18.5546
235.836	18.7461
241.28	19.0928
251.294	19.8346
252.839	19.7771
254.871	19.9651
245.352	18.7811
243.41	18.9238
256.19	19.8358
260.335	20.1456
261.595	20.2009
267.691	20.6636
277.945	21.1481
271.939	20.5994
273.952	20.7967
274.958	20.8955
265.716	19.8808
267.13	19.8894
263.137	19.4802
259.009	19.1079
256.53	18.8756
261.111	19.2151
259.01	19.0081
254.552	18.6014
256.887	18.7609
258.771	18.8696
270.774	19.8118
500.951	37.4473
270.256	19.4688
267.758	19.0378
245.519	17.1489
239.155	16.6138
236.828	16.4045
263.005	18.373
504.908	37.6951
217.731	15.4607
218.733	15.4437
220.795	14.652
222.616	14.7034
225.933	14.9426
229.319	15.1947
234.029	15.564
240.908	16.0634
267.608	18.1815
280.957	19.2403
280.011	18.8365
240.319	19.6896
235.53	19.2722
250.975	20.126
252.105	20.181
256.142	20.4665
242.448	19.2452
249.059	19.7444
256.66	20.3985
256.147	19.9161
259.662	20.337
520.231	38.9415
254.409	19.775
264.48	20.4555
268.625	20.7653
273.788	21.1263
283.951	21.6968
288.894	22.122
272.946	20.6978
273.364	21.6059
275.957	20.7371
270.543	20.1818
265.133	19.6848
265.264	19.6243
266.485	19.7019
271.763	20.0867
266.798	19.6692
263.684	19.3729
260.286	19.0669
262.551	19.1996
267.383	19.5478
274.166	20.077
270.81	20.3015
271.254	19.4055
264.262	18.669
270.009	19.1122
283.642	20.0681
274.02	19.2736
276.409	19.4553
514.429	38.5596
513.179	38.6007
518.809	39.1168
323.738	21.6683
524.056	39.5997
326.477	22.3613
327.457	22.1536
515.173	39.0804
254.258	17.1225
294.335	20.3087
508.577	38.6422
288.464	19.5421
246.917	20.2477
241.224	19.7599
503.197	38.2639
260.186	20.8554
259.406	20.7531
257.915	20.5027
254.622	20.2016
257.887	20.4395
261.816	20.7131
264.253	20.8118
263.38	20.6448
264.626	20.6
275.089	21.4153
503.149	38.2749
274.637	21.2789
284.185	21.9031
286.009	21.9256
295.725	22.6698
297.102	22.6949
287.218	21.7286
273.956	20.4742
276.225	20.5965
277.925	20.3371
272.425	20.2028
274.183	20.3097
275.306	20.3685
270.76	19.9589
269.487	19.804
268.216	19.6384
273.6	20.0396
277.014	20.301
275.706	20.1954
273.452	20.0157
273.518	19.2629
275.755	19.5555
528.031	40.4742
293.264	20.8623
291.205	20.6443
526.378	40.4841
524.168	40.3677
519.195	40.0078
323.573	22.6539
324.51	22.3043
325.497	22.5692
327.449	23.1532
327.586	23.9647
518.165	40.034
307.712	21.3771
318.73	22.1028
315.67	21.8305
284.37	23.3377
537.873	41.8074
534.712	41.5776
269.185	21.5558
529.406	41.1586
261.983	20.8007
266.051	21.0986
528.137	41.0905
268.465	21.1817
266.959	21.0042
278.144	21.7894
280.246	21.9145
285.553	22.2305
280.514	21.7659
282.349	21.8327
294.595	22.7042
297.978	22.9392
300.918	23.0539
298.479	22.7202
305.459	23.2356
275.091	20.5242
277.886	21.0409
279.586	20.7814
283.181	21.0448
284.67	21.1402
278.116	20.5805
522.05	40.6809
520.356	40.5796
527.701	41.2079
281.789	20.6714
278.502	20.4148
539.179	42.1837
296.998	21.3311
293.242	20.9762
297.203	21.2705
299.022	21.362
298.123	21.238
300.078	21.321
308.952	21.9978
541.699	42.434
321.878	22.593
323.19	22.199
325.811	22.3955
326.46	22.9051
328.432	23.4284
327.254	23.0212
321.09	22.4455
324.504	22.6548
321.79	22.3752
327.235	22.7703
291.504	23.905
552.307	43.486
555.226	43.8665
280.662	22.4791
276.488	22.1353
283.791	22.7149
277.286	21.9804
288.522	22.862
276.572	21.8468
271.734	21.4091
274.939	21.5985
280.246	21.9145
282.348	22.0397
302.267	23.5505
306.72	23.8768
307.649	23.8175
302.62	23.342
307.558	23.6506
305.123	23.3622
302.689	23.076
314.21	23.85
552.976	43.843
534.949	42.621
285.557	21.2434
292.907	21.8219
287.285	21.337
533.836	42.5427
532.686	42.4878
520.727	41.587
296.044	21.7752
301.182	22.0606
303.227	22.1742
299.845	21.6535
298.903	21.4366
300.341	21.5338
305.603	21.8977
304.299	21.7633
303.727	21.6837
314.447	22.4406
313.327	22.3062
320.321	22.6613
323.012	23.0441
325.153	23.1457
327.11	22.4872
328.635	22.5751
329.709	23.2804
331.725	23.3387
326.883	22.8763
328.254	22.9235
332.663	23.2244
299.18	24.4682
301.244	24.5864
292.138	23.4024
298.397	23.874
291.094	23.2945
310.837	24.7546
301.416	23.9257
298.812	23.6949
323.472	25.603
327.822	25.6411
517.316	41.3546
521.597	41.7283
309.078	24.119
309.711	24.131
311.243	24.1921
310.012	24.0193
306.316	23.6807
319.579	24.6582
523.884	41.9878
517.47	41.5676
322.96	24.4643
514.679	41.337
481.188	38.7618
312.057	23.3836
298.073	22.2141
493.788	39.801
321.91	24.0361
319.093	23.7894
306.16	22.659
503.844	40.6686
305.272	22.2879
302.66	21.9615
303.862	21.9351
305.063	21.9238
306.298	21.9941
312.492	22.4663
309.748	22.1924
514.987	41.6014
320.071	22.8999
317.575	22.5974
322.509	22.7813
324.223	22.7824
325.886	22.4447
327.268	22.3442
330.273	22.722
332.833	23.4731
336.079	23.6377
334.059	23.4402
333.469	22.6336
349.803	24.5888
302.657	24.8183
303.309	24.7046
305.262	24.855
303.615	24.3258
305.7	24.4536
314.09	25.0972
318.001	25.3392
307.494	24.3838
321.257	25.454
325.687	25.7546
329.958	25.5304
436.132	36.0356
435.922	35.0578
316.255	24.6907
316.061	24.6085
315.074	24.4727
326.342	25.2694
323.803	24.9994
328.373	25.4064
485.757	35.8959
331.711	25.0787
333.312	25.1772
334.913	25.2706
331.206	24.9452
322.118	24.1758
313.03	23.406
319.895	23.9055
325.744	24.3406
316.276	23.5428
314.106	23.4014
312.028	22.7937
484.586	35.728
493.402	36.2783
308.679	22.2099
312.295	22.496
316.872	22.8495
322.942	23.3069
318.472	22.8717
327.196	23.5509
492.196	36.6737
495.421	36.9373
323.975	22.9805
325.441	23.1797
327.256	23.2518
329.073	23.1191
332.007	22.9992
333.777	23.3266
345.017	24.3369
508.879	38.1669
356.246	25.1241
304.936	24.9119
307.214	25.0056
510.598	38.462
314.004	25.1846
319.241	25.5703
320.581	25.5971
323.582	25.7592
325.396	25.8133
327.227	25.9394
329.647	26.1705
331.952	25.9266
328.719	25.7752
325.354	25.482
320.879	25.0249
322.972	25.1269
324.657	25.1981
328.027	25.3406
331.636	25.6844
334.9	25.9615
334.751	25.1858
337.818	25.5989
336.365	25.4381
338.764	25.5693
349.176	26.4131
357.894	27.1011
361.487	27.3401
342.901	25.7213
361.291	27.2139
362.288	27.2845
314.262	22.6743
316.431	23.0137
491.755	37.1363
337.568	24.6492
494.597	37.3833
318.564	23
324.834	23.5041
332.496	24.0515
342.049	24.7961
364.882	27.5229
502.127	38.0382
397.705	29.1242
399.3	29.1881
500.316	37.952
501.507	38.0814
330.641	23.1882
332.209	23.2573
379.968	27.1993
363.916	25.8531
366.08	25.9491
354.451	24.9712
499.567	38.0014
501.358	38.1381
313.356	25.424
325.638	26.2608
324.393	26.0435
326.653	26.1635
327.437	26.0716
327.492	26.024
329.518	26.1285
331.859	26.2996
333.947	26.3231
335.811	26.4217
332.084	26.067
328.23	25.6486
330.454	25.8502
331.277	25.8043
332.937	25.704
344.479	26.5754
346.264	26.7032
343.661	26.4763
346.458	26.4662
489.072	37.3706
359.14	27.3525
360.262	27.3502
358.751	27.1805
364.015	27.6226
363.548	27.3423
360.058	27.1019
362.288	27.2845
363.285	27.3616
318.625	23.1834
320.818	23.3531
331.985	24.2172
343.151	25.0812
492.428	37.5878
338.965	24.677
496.095	38.0101
370.606	27.1782
365.459	26.706
364.463	26.6149
396.11	29.0604
401.62	29.9411
400.895	29.252
400.99	29.1428
396.874	28.7482
388.641	27.9585
382.385	27.4109
377.55	26.9877
370.179	26.3105
372.812	26.4981
354.473	28.7553
355.364	28.3012
319.497	25.8424
332.04	26.7269
330.767	26.58
331.081	26.4238
330.373	26.2445
333.255	26.4649
334.618	26.5021
337.286	26.6946
338.392	26.6725
338.819	26.6499
330.726	25.8701
332.854	26.0242
334.748	26.1422
336.931	26.2469
337.848	26.0675
342.693	26.4477
350.624	27.0161
509.478	39.2207
356.896	27.3076
358.018	27.3301
367.808	27.997
365.44	27.7836
367.807	27.8899
368.488	27.8511
370.498	27.9642
365.278	27.5331
364.281	27.4507
504.127	38.9174
506.057	39.2334
326.401	23.7851
516.918	40.146
348.735	25.5132
353.097	25.8501
371.815	27.3764
375.753	27.6505
512.315	39.9106
384.718	28.2327
393.818	28.9164
397.805	29.1998
401.852	28.9684
402.492	29.3167
404.596	29.4747
392.759	28.3536
391.775	28.1944
385.925	27.6589
382.734	27.3538
379.544	27.0472
384.644	27.4222
354.168	27.8029
354.996	29.6075
355.89	29.1519
341.936	27.5591
336.471	27.0775
335.27	26.9977
334.959	26.45
336.135	26.6829
333.918	27.2164
339.811	26.8859
342.749	27.0976
344.529	27.1775
342.853	26.9337
517.444	40.3431
339.117	26.5268
344.889	26.8404
342.65	26.6735
344.17	26.6384
522.572	40.7755
360.949	27.7953
367.211	28.1473
371.709	28.4883
373.543	28.5047
370.617	28.217
373.219	28.3271
375.242	28.4346
376.905	28.5135
379.751	28.7095
395.707	29.9438
399.55	30.2288
404.231	30.5719
541.698	42.435
544.218	42.6842
349.807	25.5966
350.878	25.68
387.592	28.7003
383.842	28.3184
388.194	28.6676
386.456	28.4481
395.129	29.0581
398.634	29.3137
402.65	29.5674
409.931	30.671
409.313	29.8848
405.551	29.7608
399.765	28.8862
402.012	29.0807
391.64	28.0913
388.345	27.7393
389.745	27.798
355.691	28.8913
356.842	28.8379
351.832	28.3912
345.813	27.8555
339.406	27.5638
339.445	26.997
339.016	26.9008
548.263	43.0851
554.101	43.8466
344.591	27.2474
349.372	27.6088
352.313	27.8093
346.886	27.2175
344.815	27.0104
344.049	26.9283
347.127	27.0074
345.649	26.8229
553.538	43.0171
532.643	42.454
371.275	28.5744
374.026	28.725
376.208	28.8293
377.606	28.7907
380.226	28.9278
378.632	28.7642
382.014	28.9508
385.432	29.1926
390.854	29.58
397.714	30.0999
530.338	42.2871
408.912	30.915
415.23	31.3352
525.532	41.9371
509.114	40.6883
403.385	30.0245
388.575	28.7182
393.291	29.118
503.795	40.2951
497.515	39.8233
403.031	29.703
405.798	29.8664
407.494	29.9347
410.762	30.1148
414.03	30.2948
406.505	29.4697
404.258	29.2752
399.657	28.7797
499.1	40.0161
394.846	28.1738
404.135	28.8024
357.088	29.0198
358.905	29.0581
360.94	29.1516
357.715	28.862
355.155	28.6336
343.581	27.5631
344.957	27.4809
360.862	28.8136
506.89	40.6765
473.495	38.1169
351.67	27.8497
360.378	28.4815
354.974	27.9603
351.996	27.6166
349.21	27.3557
353.332	27.4999
475.285	38.2857
370.102	28.6853
373.663	28.9206
374.59	28.8708
377.528	29.0511
378.903	29.1008
381.46	29.2805
386.439	29.479
383.445	29.1389
390.479	29.6547
391.954	29.7295
396.662	30.0328
402.471	30.4849
404.747	30.6405
410.167	31.0368
413.593	31.258
416.866	31.4173
417.903	31.393
412.636	30.8104
410.925	30.6461
402.108	29.882
491.154	39.6335
432.913	31.8665
478.464	38.5985
409.164	30.2512
414.034	30.4946
410.764	30.2147
421.017	30.818
419.646	30.6417
414.492	30.1613
433.162	34.9122
407.673	29.4681
398.713	28.4436
402.58	28.7134
360.968	29.2787
364.768	29.4737
364.434	29.4302
362.933	29.2706
368.367	29.6878
350.898	28.0609
363.16	29.0545
358.564	28.5726
356.266	28.3317
353.968	28.0907
378.453	29.9451
371.695	29.3186
357.635	28.1113
354.253	27.763
351.932	27.5409
359.937	27.975
366.542	28.45
372.124	28.8406
377.834	29.1752
380.891	29.3528
383.921	29.5509
382.691	29.4157
388.037	29.8099
394.655	30.0281
397.982	30.2641
398.476	30.2664
403.01	30.5857
407.001	30.853
408.634	30.9472
413.157	31.2867
416.504	31.5236
415.877	31.454
420.738	31.6107
418.939	31.3668
417.296	31.194
420.193	31.4148
482.303	35.273
432	32.277
432.537	32.7922
415.297	30.7994
421.43	31.3475
424.543	31.3197
425.978	31.2177
424.421	31.0697
482.588	35.9184
418.322	30.4559
420.011	30.5903
415.689	30.1565
414.28	29.5753
409.116	29.185
362.516	29.4238
365.916	29.6625
368.435	29.7643
369.99	29.8448
373.8	30.1057
382.046	30.7128
376.726	30.1873
486.099	36.12
488.542	36.3681
491.816	36.6725
390.848	31.2468
390.891	30.7277
364.938	28.6921
361.88	28.3788
488.211	36.4077
500.026	37.4283
500.806	37.7268
370.585	28.7606
377.589	29.3362
384.253	29.6544
390.076	30.0936
389.414	29.983
395.23	30.48
402.87	30.5774
401.079	30.4987
403.383	30.7169
404.551	30.7234
488.913	36.8893
413.889	31.3802
417.325	31.635
421.104	31.8932
418.16	31.65
425.418	31.9324
424.473	31.8035
488.078	36.9402
425.432	31.8992
427.12	31.9274
430.548	32.1764
433.452	32.3876
430.507	32.1416
427.563	31.8957
428.411	31.6032
432.182	31.9367
431.5	31.6726
431.04	31.6151
421.46	30.6919
424.598	30.9265
419.481	30.4333
417.585	30.2949
419.444	29.9656
373.427	30.2412
374.549	30.2825
374.79	30.2603
496.426	37.6107
493.937	37.4612
390.292	31.32
492.56	37.4785
487.222	37.1127
430.101	34.2808
419.841	33.4189
403.286	32.0294
368.542	28.9393
372.145	29.1865
367.446	28.7736
484.686	36.9688
491.093	37.6794
492.315	38.4
374.087	29.0484
381.091	29.624
393.039	30.3505
395.908	30.5714
400.567	30.9411
402.903	31.1863
411.897	31.5981
416.792	31.9393
413.837	31.6562
411.336	31.2293
412.613	31.2993
418.616	31.7447
423.638	32.1348
427.65	32.4244
431.529	32.6741
430.051	32.247
432.604	32.396
431.461	32.435
432.777	32.5514
431.615	32.2642
436.181	32.6033
437.025	32.6627
436.126	32.5776
431.844	32.2367
438.254	32.4558
437.27	32.245
436.414	32.1081
433.285	31.7261
435.447	31.8305
447.542	32.7921
452.785	33.2101
422.519	30.4964
422.52	29.8979
499.762	38.4336
380.787	30.8041
379.59	30.6758
500.965	38.6282
492.256	38.0014
411.106	32.9829
496.183	38.3843
444.815	35.5716
437.046	34.8655
434.413	34.6414
411.563	32.7242
504.073	39.1016
374.844	29.3725
374.048	29.3157
373.012	29.1683
376.946	29.4382
493.039	38.2839
385.978	30.0349
384.593	29.9118
491.403	38.2034
399.951	30.903
408.225	31.5443
426.772	32.9802
422.106	32.797
425.023	32.6826
423.645	32.4763
413.288	31.1816
415.378	31.4688
420.572	31.8903
430.96	32.7326
442.48	33.67
434.331	32.9915
433.602	32.6368
435.157	32.5451
433.696	32.6337
435.93	32.8324
438.285	33.0396
441.997	33.3618
442.478	33.0811
440.503	32.9281
445.219	33.5855
444.333	32.9764
443.606	32.7702
441.787	32.6011
411.036	31.9867
434.365	31.7969
409.169	31.8501
455.39	33.4149
456.42	33.5024
425.61	30.4361
391.187	31.6447
384.187	31.0684
393.497	30.703
427.836	34.3888
419.471	33.6859
424.553	34.0242
443.482	35.4815
446.149	35.6618
443.991	35.4502
443.721	35.416
498.494	39.8407
376.985	29.5197
376.199	29.4643
499.918	39.9719
375.595	29.3605
381.232	29.7313
384.639	29.9568
387.706	30.1638
498.438	39.8721
401.177	31.0184
402.402	31.1339
423.161	32.7108
430.384	33.2509
432.003	33.3142
432.167	33.2179
439.31	33.7533
414.334	31.3221
414.741	32.2382
425.766	32.3118
451.425	34.4495
453.205	34.5069
435.5	33.038
437.838	33.1305
442.373	32.8924
491.311	39.3551
442.437	33.4129
445.708	33.684
444.89	33.2441
447.362	33.4662
446.245	33.2689
445.36	32.6612
450.281	33.4751
450.766	33.3732
449.856	33.2887
486.414	38.9664
469.037	37.7115
461.179	33.8638
460.056	33.7947
463.22	33.9961
430.802	30.8392
385.995	31.2423
411.787	33.3049
423.108	34.192
434.429	35.0791
436.201	35.0918
468.471	37.7152
438	35.0654
446.961	35.7672
450.312	35.9894
453.029	36.1905
470.175	37.8871
465.774	37.5634
378.916	29.6518
380.055	29.7107
377.825	29.5356
383.109	29.8707
430.402	34.7665
391.46	30.4556
393.618	30.6033
400.69	31.1211
405.082	31.3864
429.255	33.2222
429.798	34.0615
439.602	33.9653
434.03	35.5844
449.043	34.529
452.386	34.7924
456.139	35.0895
476.262	34.7728
460.37	35.229
462.882	35.4393
463.929	35.3437
436.669	33.0842
442.244	33.6271
449.545	33.5309
449.826	34.0904
451.633	34.1477
458.366	34.6298
464.052	34.8398
459.713	34.4686
456.521	34.1522
453.329	33.8344
454.175	33.7075
457.926	33.9763
479.378	35.084
480.478	35.5926
466.967	34.3126
465.192	34.2574
468.494	34.3469
466.385	34.1975
422.062	34.1585
430.511	34.7999
438.96	35.4412
442.216	35.6829
444.566	35.7947
452.696	36.5268
453.684	36.3253
450.322	36.0456
460.435	36.8015
465.686	37.2204
478.554	35.417
477.425	35.2432
382.426	29.8927
383.706	29.9566
384.985	30.0127
387.143	30.1603
389.301	30.308
480.453	35.7272
416.52	32.3199
407.763	31.6389
435.349	33.7329
473.64	36.0896
455.423	35.2492
484.606	36.1442
452.62	34.8141
456.196	35.0992
459.892	35.3866
491.172	36.6896
467.8	35.8823
465.341	35.6608
469.165	35.7502
470.466	35.8453
446.697	33.8006
451.15	33.9736
456.242	34.3602
461.393	34.7778
465.098	35.112
468.392	35.2109
466.13	35.0075
465.497	34.9496
491.97	37.2885
491.013	36.9916
465.536	34.5981
468.299	34.8377
469.716	34.7287
471.132	34.6197
470.363	34.542
469.551	34.7093
470.493	34.4276
468.439	34.3125
424.882	34.4752
429.557	34.5014
428.617	34.1584
448.684	36.1995
446.792	36.0118
451.7	36.3749
462.78	37.0807
474.172	37.9945
476.467	38.1505
472.715	37.8044
476.566	38.0868
481.22	36.2525
387.028	30.2295
479.894	36.2529
384.314	30.7535
495.853	36.7911
495.182	37.5313
481.119	36.4057
489.514	37.2611
425.277	33.001
433.599	33.6435
441.443	34.2437
458.902	35.6166
471.244	36.533
482.943	37.4461
466.043	35.8924
475.89	36.6853
472.854	36.4086
476.694	36.6679
485.186	37.3409
483.423	36.8278
474.097	36.1348
477.307	36.369
486.469	37.0437
479.029	36.5194
468.3	35.3502
466.544	35.1955
471.383	35.5694
473.998	35.6971
471.281	35.4307
490.223	37.6052
490.176	36.6063
487.889	36.4176
473.146	35.2202
474.403	35.4436
474.257	34.7352
473.591	34.8261
474.189	35.1585
492.424	37.5553
473.547	34.5755
427.642	34.6209
427.769	33.629
457.229	36.8815
457.229	36.8815
493.678	38.0143
462.737	37.241
471.877	37.8361
481.517	38.5777
493.006	39.4455
488.27	39.0538
487.446	38.9531
497.803	38.3389
391.63	30.5664
395.363	30.8396
399.965	31.1764
404.567	31.5133
412.902	32.1234
417.504	32.4602
426.708	33.133
431.746	33.5094
435.928	33.8244
480.933	37.0551
476.362	36.9896
483.898	37.5992
494.674	38.3644
498.642	38.6485
487.777	37.6642
