0	2
4
0	1	0
6.9168
-----------------
iter: 1
1.59421	1.6904	2.71539
0.191346	0.77211	0.0365438
0.556797
-----------------
iter: 2
1.86915	1.43371	2.69714
-0.0436788	1.17187	-0.128192
0.115116
-----------------
iter: 3
2.14075	1.34557	2.51368
0.117605	1.13877	-0.256378
0.0599629
-----------------
iter: 4
2.12475	1.35639	2.51886
0.214977	1.09905	-0.314031
0.041907
-----------------
iter: 5
2.1104	1.35912	2.53048
0.2068	1.10539	-0.312186
0.0417023
-----------------
iter: 6
2.10656	1.36242	2.53102
0.205966	1.10345	-0.309414
0.0416679
-----------------
iter: 7
2.10668	1.36247	2.53085
0.205281	1.10359	-0.30887
0.0416669
-----------------
iter: 8
2.10656	1.36239	2.53105
0.205094	1.1038	-0.308895
0.0416667
-----------------
iter: 9
2.10628	1.36252	2.5312
0.205011	1.1038	-0.308815
0.0416667
-----------------
iter: 10
2.10625	1.36255	2.5312
0.204937	1.1038	-0.308742
0.0416667
-----------------
iter: 11
2.10625	1.36254	2.53121
0.204924	1.10382	-0.308742
0.0416667
-----------------
iter: 12
2.10625	1.36254	2.53121
0.204924	1.10382	-0.308743
0.0416667
-----------------
iter: 13
2.10624	1.36254	2.53121
0.204921	1.10382	-0.30874
0.0416667
-----------------
iter: 14
2.10624	1.36254	2.53121
0.204919	1.10382	-0.308739
0.0416667
-----------------
iter: 15
2.10624	1.36254	2.53121
0.204919	1.10382	-0.308739
0.0416667
-----------------
iter: 16
2.10624	1.36254	2.53121
0.204919	1.10382	-0.308739
0.0416667
-----------------
iter: 17
2.10624	1.36254	2.53121
0.204919	1.10382	-0.308739
0.0416667
-----------------
iter: 18
2.10624	1.36254	2.53121
0.204919	1.10382	-0.308739
0.0416667
-----------------
iter: 19
