0	0
1	0
2	0
3	0
4	0
5	0
6	0
7	0
8	0
9	0
10	0
11	0
12	0
13	0
14	0
15	0
16	0
17	0
18	0
19	0
20	0
21	0
29.5	25.1147
23	0
24	0
25	0
26	0
27	0
28	0
28.5	25.1147
0.5	0.866025
1.5	0.866025
2.5	0.866025
3.5	0.866025
4.5	0.866025
5.5	0.866025
27.5	25.1147
7.5	0.866025
8.5	0.866025
9.5	0.866025
10.5	0.866025
11.5	0.866025
12.5	0.866025
13.5	0.866025
14.5	0.866025
15.5	0.866025
16.5	0.866025
17.5	0.866025
18.5	0.866025
19.5	0.866025
20.5	0.866025
21.5	0.866025
22.5	0.866025
23.5	0.866025
26.5	25.1147
25.5	0.866025
26.5	0.866025
27.5	0.866025
25.5	25.1147
29.5	0.866025
0	1.73205
1	1.73205
2	1.73205
3	1.73205
4	1.73205
5	1.73205
6	1.73205
7	1.73205
24.5	25.1147
9	1.73205
10	1.73205
11	1.73205
12	1.73205
13	1.73205
14	1.73205
15	1.73205
16	1.73205
17	1.73205
18	1.73205
19	1.73205
20	1.73205
21	1.73205
22	1.73205
23	1.73205
24	1.73205
25	1.73205
26	1.73205
27	1.73205
28	1.73205
29	1.73205
0.5	2.59808
1.5	2.59808
2.5	2.59808
3.5	2.59808
4.5	2.59808
5.5	2.59808
6.5	2.59808
7.5	2.59808
8.5	2.59808
9.5	2.59808
10.5	2.59808
11.5	2.59808
12.5	2.59808
13.5	2.59808
14.5	2.59808
15.5	2.59808
16.5	2.59808
17.5	2.59808
18.5	2.59808
19.5	2.59808
20.5	2.59808
21.5	2.59808
23.5	25.1147
23.5	2.59808
24.5	2.59808
25.5	2.59808
26.5	2.59808
27.5	2.59808
28.5	2.59808
29.5	2.59808
0	3.4641
1	3.4641
2	3.4641
3	3.4641
4	3.4641
5	3.4641
6	3.4641
7	3.4641
8	3.4641
9	3.4641
10	3.4641
11	3.4641
12	3.4641
13	3.4641
14	3.4641
15	3.4641
16	3.4641
21.5	25.1147
20.5	25.1147
19	3.4641
20	3.4641
21	3.4641
22	3.4641
19.5	25.1147
16.5	25.1147
25	3.4641
26	3.4641
27	3.4641
28	3.4641
29	3.4641
0.5	4.33013
1.5	4.33013
2.5	4.33013
3.5	4.33013
4.5	4.33013
5.5	4.33013
6.5	4.33013
7.5	4.33013
8.5	4.33013
9.5	4.33013
10.5	4.33013
11.5	4.33013
12.5	4.33013
13.5	4.33013
14.5	4.33013
15.5	4.33013
16.5	4.33013
17.5	4.33013
18.5	4.33013
19.5	4.33013
15.5	25.1147
21.5	4.33013
22.5	4.33013
14.5	25.1147
24.5	4.33013
25.5	4.33013
13.5	25.1147
12.5	25.1147
28.5	4.33013
29.5	4.33013
0	5.19615
1	5.19615
2	5.19615
3	5.19615
4	5.19615
5	5.19615
6	5.19615
7	5.19615
8	5.19615
9	5.19615
10	5.19615
11	5.19615
12	5.19615
13	5.19615
14	5.19615
15	5.19615
16	5.19615
17	5.19615
18	5.19615
19	5.19615
20	5.19615
21	5.19615
22	5.19615
23	5.19615
11.5	25.1147
25	5.19615
10.5	25.1147
8.5	25.1147
7.5	25.1147
29	5.19615
0.5	6.06218
1.5	6.06218
2.5	6.06218
3.5	6.06218
4.5	6.06218
5.5	6.06218
6.5	6.06218
7.5	6.06218
8.5	6.06218
9.5	6.06218
6.5	25.1147
11.5	6.06218
5.5	25.1147
13.5	6.06218
14.5	6.06218
4.5	25.1147
3.5	25.1147
17.5	6.06218
18.5	6.06218
19.5	6.06218
20.5	6.06218
21.5	6.06218
22.5	6.06218
23.5	6.06218
24.5	6.06218
25.5	6.06218
26.5	6.06218
2.5	25.1147
28.5	6.06218
29.5	6.06218
1.5	25.1147
0.5	25.1147
29	24.2487
3	6.9282
4	6.9282
5	6.9282
6	6.9282
7	6.9282
8	6.9282
9	6.9282
10	6.9282
11	6.9282
12	6.9282
13	6.9282
14	6.9282
28	24.2487
27	24.2487
26	24.2487
18	6.9282
25	24.2487
20	6.9282
21	6.9282
22	6.9282
23	6.9282
24	6.9282
25	6.9282
26	6.9282
23	24.2487
28	6.9282
29	6.9282
22	24.2487
21	24.2487
2.5	7.79423
3.5	7.79423
4.5	7.79423
5.5	7.79423
6.5	7.79423
7.5	7.79423
8.5	7.79423
9.5	7.79423
10.5	7.79423
20	24.2487
12.5	7.79423
17	24.2487
16	24.2487
15.5	7.79423
16.5	7.79423
17.5	7.79423
18.5	7.79423
19.5	7.79423
20.5	7.79423
21.5	7.79423
22.5	7.79423
15	24.2487
24.5	7.79423
25.5	7.79423
26.5	7.79423
27.5	7.79423
28.5	7.79423
29.5	7.79423
14	24.2487
11	24.2487
10	24.2487
3	8.66025
4	8.66025
5	8.66025
6	8.66025
7	8.66025
8	8.66025
9	8.66025
10	8.66025
9	24.2487
12	8.66025
13	8.66025
14	8.66025
15	8.66025
16	8.66025
17	8.66025
18	8.66025
19	8.66025
20	8.66025
21	8.66025
22	8.66025
23	8.66025
8	24.2487
7	24.2487
26	8.66025
27	8.66025
28	8.66025
29	8.66025
6	24.2487
1.5	9.52628
2.5	9.52628
3.5	9.52628
4.5	9.52628
5.5	9.52628
6.5	9.52628
7.5	9.52628
5	24.2487
9.5	9.52628
2	24.2487
11.5	9.52628
12.5	9.52628
13.5	9.52628
14.5	9.52628
15.5	9.52628
16.5	9.52628
17.5	9.52628
18.5	9.52628
19.5	9.52628
20.5	9.52628
1	24.2487
22.5	9.52628
23.5	9.52628
24.5	9.52628
25.5	9.52628
26.5	9.52628
27.5	9.52628
28.5	9.52628
29.5	9.52628
0	10.3923
1	10.3923
2	10.3923
3	10.3923
4	10.3923
5	10.3923
0	24.2487
7	10.3923
29.5	23.3827
9	10.3923
10	10.3923
11	10.3923
12	10.3923
13	10.3923
14	10.3923
28.5	23.3827
16	10.3923
17	10.3923
18	10.3923
19	10.3923
20	10.3923
27.5	23.3827
22	10.3923
23	10.3923
24	10.3923
25	10.3923
26	10.3923
27	10.3923
28	10.3923
29	10.3923
0.5	11.2583
1.5	11.2583
2.5	11.2583
3.5	11.2583
4.5	11.2583
5.5	11.2583
6.5	11.2583
7.5	11.2583
26.5	23.3827
9.5	11.2583
10.5	11.2583
25.5	23.3827
12.5	11.2583
24.5	23.3827
23.5	23.3827
22.5	23.3827
16.5	11.2583
17.5	11.2583
18.5	11.2583
19.5	11.2583
20.5	11.2583
21.5	11.2583
22.5	11.2583
23.5	11.2583
24.5	11.2583
25.5	11.2583
26.5	11.2583
27.5	11.2583
28.5	11.2583
29.5	11.2583
0	12.1244
1	12.1244
2	12.1244
3	12.1244
4	12.1244
5	12.1244
6	12.1244
7	12.1244
8	12.1244
9	12.1244
21.5	23.3827
11	12.1244
12	12.1244
13	12.1244
14	12.1244
20.5	23.3827
19.5	23.3827
17	12.1244
18	12.1244
19	12.1244
18.5	23.3827
21	12.1244
22	12.1244
23	12.1244
24	12.1244
25	12.1244
26	12.1244
27	12.1244
28	12.1244
29	12.1244
0.5	12.9904
1.5	12.9904
2.5	12.9904
3.5	12.9904
17.5	23.3827
5.5	12.9904
6.5	12.9904
7.5	12.9904
8.5	12.9904
16.5	23.3827
10.5	12.9904
11.5	12.9904
12.5	12.9904
13.5	12.9904
15.5	23.3827
14.5	23.3827
16.5	12.9904
17.5	12.9904
18.5	12.9904
19.5	12.9904
20.5	12.9904
21.5	12.9904
22.5	12.9904
23.5	12.9904
24.5	12.9904
25.5	12.9904
26.5	12.9904
27.5	12.9904
28.5	12.9904
29.5	12.9904
0	13.8564
1	13.8564
2	13.8564
3	13.8564
13.5	23.3827
12.5	23.3827
6	13.8564
11.5	23.3827
8	13.8564
10.5	23.3827
9.5	23.3827
11	13.8564
12	13.8564
13	13.8564
14	13.8564
8.5	23.3827
16	13.8564
17	13.8564
18	13.8564
19	13.8564
20	13.8564
21	13.8564
22	13.8564
23	13.8564
24	13.8564
7.5	23.3827
26	13.8564
27	13.8564
28	13.8564
29	13.8564
2.5	23.3827
1.5	14.7224
2.5	14.7224
3.5	14.7224
4.5	14.7224
5.5	14.7224
6.5	14.7224
7.5	14.7224
8.5	14.7224
1.5	23.3827
10.5	14.7224
11.5	14.7224
12.5	14.7224
13.5	14.7224
14.5	14.7224
15.5	14.7224
16.5	14.7224
17.5	14.7224
18.5	14.7224
19.5	14.7224
20.5	14.7224
21.5	14.7224
22.5	14.7224
23.5	14.7224
24.5	14.7224
0.5	23.3827
26.5	14.7224
27.5	14.7224
28.5	14.7224
29	22.5167
0	15.5885
1	15.5885
2	15.5885
3	15.5885
4	15.5885
5	15.5885
6	15.5885
7	15.5885
8	15.5885
9	15.5885
28	22.5167
11	15.5885
27	22.5167
26	22.5167
14	15.5885
15	15.5885
16	15.5885
17	15.5885
18	15.5885
23	22.5167
20	15.5885
21	15.5885
22	15.5885
23	15.5885
24	15.5885
25	15.5885
22	22.5167
27	15.5885
28	15.5885
29	15.5885
0.5	16.4545
21	22.5167
2.5	16.4545
3.5	16.4545
4.5	16.4545
5.5	16.4545
6.5	16.4545
7.5	16.4545
8.5	16.4545
9.5	16.4545
20	22.5167
11.5	16.4545
12.5	16.4545
13.5	16.4545
14.5	16.4545
19	22.5167
16.5	16.4545
17.5	16.4545
18.5	16.4545
19.5	16.4545
20.5	16.4545
21.5	16.4545
22.5	16.4545
23.5	16.4545
24.5	16.4545
25.5	16.4545
18	22.5167
27.5	16.4545
28.5	16.4545
29.5	16.4545
0	17.3205
1	17.3205
2	17.3205
17	22.5167
4	17.3205
5	17.3205
6	17.3205
7	17.3205
8	17.3205
9	17.3205
10	17.3205
11	17.3205
12	17.3205
13	17.3205
14	17.3205
15	17.3205
16	17.3205
17	17.3205
18	17.3205
19	17.3205
20	17.3205
21	17.3205
22	17.3205
23	17.3205
24	17.3205
16	22.5167
26	17.3205
27	17.3205
15	22.5167
29	17.3205
0.5	18.1865
1.5	18.1865
2.5	18.1865
3.5	18.1865
4.5	18.1865
5.5	18.1865
6.5	18.1865
7.5	18.1865
14	22.5167
9.5	18.1865
10.5	18.1865
11.5	18.1865
13	22.5167
13.5	18.1865
12	22.5167
15.5	18.1865
16.5	18.1865
17.5	18.1865
18.5	18.1865
19.5	18.1865
20.5	18.1865
21.5	18.1865
22.5	18.1865
23.5	18.1865
24.5	18.1865
25.5	18.1865
26.5	18.1865
27.5	18.1865
11	22.5167
29.5	18.1865
0	19.0526
1	19.0526
2	19.0526
3	19.0526
4	19.0526
5	19.0526
6	19.0526
7	19.0526
8	19.0526
9	19.0526
10	19.0526
11	19.0526
12	19.0526
13	19.0526
14	19.0526
15	19.0526
16	19.0526
17	19.0526
18	19.0526
19	19.0526
20	19.0526
21	19.0526
10	22.5167
23	19.0526
24	19.0526
25	19.0526
26	19.0526
27	19.0526
28	19.0526
9	22.5167
0.5	19.9186
1.5	19.9186
2.5	19.9186
3.5	19.9186
4.5	19.9186
5.5	19.9186
6.5	19.9186
7.5	19.9186
8.5	19.9186
9.5	19.9186
10.5	19.9186
11.5	19.9186
12.5	19.9186
13.5	19.9186
14.5	19.9186
15.5	19.9186
16.5	19.9186
17.5	19.9186
18.5	19.9186
8	22.5167
20.5	19.9186
21.5	19.9186
22.5	19.9186
23.5	19.9186
24.5	19.9186
25.5	19.9186
26.5	19.9186
27.5	19.9186
28.5	19.9186
7	22.5167
0	20.7846
6	22.5167
2	20.7846
3	20.7846
5	22.5167
3	22.5167
6	20.7846
7	20.7846
8	20.7846
9	20.7846
10	20.7846
2	22.5167
12	20.7846
13	20.7846
14	20.7846
15	20.7846
16	20.7846
17	20.7846
18	20.7846
19	20.7846
1	22.5167
21	20.7846
22	20.7846
23	20.7846
24	20.7846
25	20.7846
26	20.7846
27	20.7846
28	20.7846
29	20.7846
0.5	21.6506
1.5	21.6506
2.5	21.6506
3.5	21.6506
0	22.5167
5.5	21.6506
6.5	21.6506
7.5	21.6506
8.5	21.6506
9.5	21.6506
10.5	21.6506
11.5	21.6506
12.5	21.6506
29.5	21.6506
28.5	21.6506
15.5	21.6506
16.5	21.6506
17.5	21.6506
18.5	21.6506
19.5	21.6506
20.5	21.6506
21.5	21.6506
22.5	21.6506
23.5	21.6506
24.5	21.6506
25.5	21.6506
26.5	21.6506
