16
27
11
8
0	0	0
1	1	0
2	2	0
3	3	0
4	0.5	0.866025
5	1.5	0.866025
6	2.5	0.866025
7	3.5	0.866025
8	0	1.73205
9	1	1.73205
10	2	1.73205
11	3	1.73205
12	0.5	2.59808
13	1.5	2.59808
14	2.5	2.59808
15	3.5	2.59808
0	1	0	0	1
0	4	0	0	1
0	15	-1	-1	1
1	4	0	0	1
1	12	0	-1	1
1	13	0	-1	1
2	13	0	-1	1
2	3	0	0	1
3	6	0	0	1
3	7	0	0	1
4	5	0	0	1
5	6	0	0	1
5	9	0	0	1
6	7	0	0	1
6	11	0	0	1
7	8	1	0	1
7	11	0	0	1
8	9	0	0	1
8	15	-1	0	1
9	12	0	0	1
9	13	0	0	1
10	11	0	0	1
10	13	0	0	1
11	14	0	0	1
12	15	-1	0	1
13	14	0	0	1
14	15	0	0	1
0	15	-1	-1	4	0	0	0
1	13	0	-1	4	0	0	0
5	4	0	0	6	0	0	0
6	5	0	0	7	0	0	0
7	3	0	0	8	1	0	0
9	5	0	0	12	0	0	0
11	7	0	0	14	0	0	0
13	10	0	0	1	0	1	0
13	9	0	0	2	0	1	0
14	13	0	0	15	0	0	0
15	14	0	0	12	1	0	0
15	0	4
10	13	1	4
4	5	6	7
3	7	8
5	9	12
7	11	14
9	13	2
13	14	15	12
