6.77091	0.381937
12.995	0.824194
16.3255	1.06022
23.1487	1.59212
26.3768	1.82532
29.8972	2.03856
26.3544	1.71582
19.0602	1.06797
18.8141	1.03153
20.1239	0.988157
19.0257	0.672481
563.47	41.9142
19.5813	0.646787
28.5712	1.33927
27.9467	1.2129
30.7528	1.21433
33.4139	1.4052
37.6147	1.62046
41.148	1.85602
41.5984	1.78694
42.4381	1.7009
45.4512	1.94966
45.1733	1.81087
48.4723	2.05802
44.3641	1.69849
544.798	40.5874
42.4263	1.44117
538.574	40.1511
31.4178	0.459717
33.8493	0.607093
31.9228	0.32645
38.4016	0.824455
40.848	1.01459
7.89868	-1.93875
9.06509	-1.87385
7.29922	-2.12937
12.7877	-1.71854
21.2845	-1.31914
19.4082	-1.51701
18.0028	-1.66952
18.2997	-1.69947
21.1828	-1.72554
543.952	40.611
26.0315	-1.57354
540.409	40.4476
19.4264	-2.27161
25.6505	-1.82935
38.0986	-0.944836
44.3227	-0.502578
50.5468	-0.0603201
32.2537	2.41724
20.8569	1.46251
32.5545	2.3721
42.3261	3.1307
33.2323	2.34682
31.1017	2.13009
543.61	40.8332
22.0135	1.50788
21.5771	1.07591
22.6268	0.95044
26.2868	1.24289
27.8467	1.32658
29.4066	1.41005
32.9468	1.65046
36.5609	1.87343
39.6253	2.01924
38.5314	1.79956
40.4241	1.85987
44.4046	2.10179
47.0259	2.23755
48.4642	2.19934
53.0806	2.48055
54.8826	2.58691
52.7164	2.36124
55.4427	2.55952
48.951	1.97557
46.6294	1.75515
47.8106	1.77364
37.4374	0.908797
34.6801	0.617686
37.5405	0.760561
43.2945	1.20469
542.408	41.0143
14.3592	-1.39847
18.234	-1.0524
17.1358	-1.28334
21.3529	-0.817385
33.0772	-0.0840568
36.8071	0.41831
25.7873	-1.11194
30.3515	-0.983089
34.0893	-0.696656
544.289	41.2286
39.7066	-0.456835
44.5974	-0.0602332
68.0669	1.79384
80.4531	2.76017
545.715	41.3581
549.534	41.6844
536.906	40.9458
43.6506	3.37197
50.8473	4.66562
41.9603	3.15208
44.0565	3.26608
40.5997	2.95315
36.0567	2.55955
39.2929	2.80624
35.7066	2.46917
24.975	1.5556
535.938	40.9026
39.1722	2.28574
35.6494	1.99894
38.492	2.19319
37.0898	2.01839
38.1051	2.05014
535.367	40.952
42.6897	2.16498
533.034	40.8222
49.021	2.44307
53.6375	2.78435
531.831	41.1992
56.9459	2.84632
58.1187	2.87164
60.2261	3.02626
58.1678	2.77571
55.4757	2.50997
549.716	42.4694
50.652	2.03528
56.5195	2.49376
564.229	43.8347
555.344	43.2009
54.6507	2.01035
44.0186	1.05774
33.1291	0.16049
22.2397	-0.736756
559.818	43.5816
60.012	1.99315
46.5446	0.954544
40.3901	0.456976
36.496	-0.125369
36.8526	-0.603076
34.8426	-0.686726
38.0741	-0.411957
41.2584	-0.204609
49.4875	0.344336
61.8738	1.31067
74.26	2.277
86.6462	3.24333
107.271	5.69428
106.836	4.79402
51.6548	4.03716
50.2691	3.85982
49.3453	3.69214
45.7181	3.37541
44.1986	3.23645
41.7457	3.02133
41.0723	2.92588
30.3408	2.01245
44.5608	2.70064
42.696	2.56024
40.6416	2.41237
44.5772	2.7439
41.7482	2.41786
43.8279	2.55399
564.291	43.9712
48.9148	2.61264
55.14	3.06027
59.9651	3.40731
558.037	43.5114
63.8685	3.59527
62.1259	3.31375
63.9404	3.38425
65.5696	3.46562
66.9746	3.49802
59.2359	2.82274
60.304	2.86949
65.2015	3.23107
70.099	3.59272
564.495	44.0705
566.561	44.262
565.836	44.3539
75.6424	3.6883
82.972	4.27418
96.742	5.31192
564.284	44.2794
66.6983	2.51578
67.7902	2.58615
53.1622	1.41274
39.5347	0.0370405
42.6016	0.267253
44.1748	0.246624
43.0983	0.360025
42.1076	-0.0776316
44.5822	0.0278881
55.6806	0.827507
117.318	5.72385
112.993	5.36178
104.229	4.61505
107.833	4.86713
98.0397	3.74567
56.818	4.49306
55.9002	4.35482
53.4763	4.10503
54.1902	4.0336
48.7294	3.61236
567.923	44.6177
47.22	3.43248
563.93	44.5371
45.4896	2.2835
46.4082	2.85867
50.9869	3.23553
48.5137	3.06485
47.5838	2.89913
51.1217	3.18261
50.0771	3.03059
52.472	3.2244
56.6638	2.68659
57.5373	3.23256
66.2205	3.85986
72.4763	4.30651
66.4893	3.76177
561.556	44.4279
71.1199	3.91999
73.4444	4.07326
75.7814	4.22032
79.4958	4.51451
559.688	44.3247
76.258	4.08083
82.4169	4.56893
89.8363	5.14029
94.3381	5.48988
95.0984	5.27083
90.3015	4.86006
95.6934	5.23857
97.7919	5.36298
96.7926	4.95148
73.3845	3.03842
70.9715	2.79798
65.9343	2.36856
61.412	1.88194
50.2028	0.855385
47.1236	0.553084
44.0628	0.129259
43.4784	0.0714083
43.2992	1.05522
124.155	6.2953
121.643	6.08591
118.43	5.81995
111.437	5.13115
102.429	4.11937
69.3096	5.53325
66.2814	5.23502
58.6663	4.45858
55.2747	4.14524
59.5149	4.45171
53.3677	3.93908
557.849	44.3028
555.598	44.2587
46.4185	1.86636
53.3367	3.4308
55.6881	3.60306
50.9278	3.21036
548.081	43.6944
61.0193	3.97643
54.865	3.44009
55.6422	2.77921
56.6287	3.67187
106.801	7.28073
97.8793	6.45254
91.3338	5.8461
543.452	43.3582
540.612	43.1866
81.5259	4.7457
81.3068	4.6848
83.2101	4.80876
538.259	43.0788
535.905	42.971
93.4743	5.46108
93.7512	5.43763
545.129	43.8784
99.0336	5.72594
96.7621	5.42065
97.6333	5.43482
99.9344	5.54204
98.8787	5.2916
95.7112	4.86605
84.6681	3.93392
78.1929	3.36614
73.7023	2.94586
55.8074	1.36867
48.1122	0.581551
46.018	0.33571
44.739	0.236845
43.742	0.158636
137.215	7.44449
126.668	6.5047
121.665	6.01915
117.459	5.59035
116.226	5.45006
115.303	5.22732
73.5041	5.91803
72.1511	5.74371
74.6297	5.91123
69.7323	5.36877
68.9045	5.20522
86.7837	6.64689
95.1202	7.30269
547.893	44.1238
553.348	44.7639
549.335	44.4434
60.0142	3.94926
62.1773	4.12237
78.4849	5.42743
76.075	5.21823
539.897	43.6733
54.7789	3.27928
55.6341	3.8071
110.471	7.60816
103.131	6.95329
100.169	6.64391
96.8041	6.13514
102.275	6.41719
89.813	5.41055
84.6418	4.98356
85.925	5.02343
92.5438	5.53413
98.9766	5.95411
103.434	6.28337
95.5702	5.598
97.6661	5.73498
102.679	6.10087
104.019	6.04278
106.855	6.20367
103.534	5.9407
104.108	5.68129
106.67	5.79153
539.623	43.686
91.3843	4.46097
82.4979	3.67956
94.6013	4.65091
527.967	39.3402
537.205	39.9807
45.4384	-0.46922
44.4722	-0.726913
147.763	8.38427
536.87	40.3644
533.811	40.3242
124.105	6.14807
120.497	5.78666
120.777	5.73855
77.9763	6.25314
82.4486	6.58826
77.6371	6.08678
80.6453	6.24693
78.4472	5.99109
98.8163	7.58761
100.758	7.75135
109.936	8.48229
111.141	8.5315
543.312	41.4414
64.3404	4.29547
68.6665	4.64168
89.717	6.33683
539.439	40.8759
527.018	39.9961
529.397	40.3076
114.141	7.93559
107.676	7.43044
104.76	7.33943
104.731	6.72776
107.636	6.74419
114.846	7.39173
525.563	40.0431
535.57	39.9729
96.0492	5.83307
99.5546	6.13202
105.786	6.50598
112.036	6.97512
114.765	7.16373
110.001	6.77404
110.788	6.56521
109.835	6.44006
108.194	6.27781
106.381	6.0706
114.706	6.44481
112.152	6.20489
110.295	6.00318
123.175	6.94407
118.808	6.59362
106.705	5.62227
147.22	8.79142
148.218	8.85696
157.966	9.36473
154.466	8.9994
152.602	8.79639
156.571	9.11851
125.005	6.58414
126.545	6.27714
123.534	5.99743
126.316	6.1827
527.542	40.3291
93.743	7.5218
531.331	40.5142
97.4641	6.74308
94.7739	7.36757
101.566	7.80505
99.768	7.89462
107.34	8.2805
112.324	8.68108
111.859	7.80338
111.391	6.91973
530.502	41.0245
113.595	8.28367
122.308	8.97432
529.201	40.8281
535.913	41.3112
535.215	41.6418
123.278	8.68298
118.884	8.34596
107.428	7.50566
107.373	7.41454
122.962	8.05621
126.511	8.3458
132.105	8.79701
544.196	42.3408
542.085	42.2249
108.698	6.81743
124.159	7.94076
120.827	7.64659
117.494	7.3523
114.141	6.95873
114.991	6.84736
113.51	6.70274
109.694	6.37324
119.63	6.89394
120.374	6.88198
116.938	6.56567
122.697	6.96991
127.542	7.29452
143.492	8.52023
148.217	8.87263
149.214	8.94697
159.808	9.61156
160.613	9.62708
159.537	9.42319
160.54	9.45107
177.206	10.4557
125.896	7.03798
131	6.6032
135.455	6.92932
100.909	8.11408
98.8682	7.94542
96.8876	7.56023
97.8835	7.65086
100.993	7.93405
109.72	8.53326
117.756	9.14436
118.906	9.21032
110.864	7.89707
110.395	7.01343
546.322	42.5666
542.207	42.2842
129.755	9.62002
131.022	9.66497
138.445	10.0929
137.129	9.89117
135.813	9.68945
151.332	10.8333
114.49	8.00893
110.095	7.6719
557.422	43.5123
128.527	8.51259
135.111	9.05344
135.69	9.07315
130.817	8.61076
119.757	7.71411
132.354	8.61936
131.421	8.51616
126.743	8.12761
130.075	8.46059
133.408	8.79357
123.837	7.51364
562.955	44.1297
124.811	7.33251
122.835	7.12559
124.319	7.17544
120.986	6.8792
131.963	7.71958
150.17	9.0455
150.035	9.02074
152.119	9.15616
157.107	9.50813
163.359	9.86968
165.743	10.0275
164.509	9.82325
176.254	10.7285
178.107	10.8653
560.074	43.9054
148.053	7.92656
153.708	8.37032
108.075	8.70637
102.949	8.28275
565.295	44.3854
139.288	11.1297
137.768	10.9043
127.406	9.96372
118.563	9.24849
125.641	9.74738
139.263	10.8095
562.704	44.4331
152.601	11.872
148.212	11.2039
140.377	10.5157
136.29	10.1419
139.735	10.3556
139.262	9.47867
560.253	44.2226
148.021	10.6436
154.641	11.0364
156.343	11.0719
557.598	44.1427
152.927	10.5813
148.737	10.2036
138.679	9.31726
137.284	9.17153
136.406	9.02638
139.105	9.18497
134.796	8.81197
136.305	8.878
133.654	8.66307
136.941	8.91947
134.001	8.32237
132.848	8.18202
136.887	8.46319
130.975	7.85926
130.011	7.69942
132.775	7.82235
141.23	8.46926
154.773	9.41941
153.242	9.28315
156.314	9.52078
160.391	9.81303
168.756	10.3532
167.275	10.1859
167.84	10.1532
169.867	10.2536
181.794	11.1415
179.95	11.0055
556.156	44.0913
155.992	8.55872
118.761	9.5408
129.447	10.3752
141.053	11.198
140.029	10.9624
136.249	10.6789
544.429	43.2574
160	12.4809
152.885	11.8715
158.713	12.1913
157.039	11.9791
152.65	11.3108
147.253	11.0846
154.935	11.6268
153.077	11.4627
151.223	11.2632
155.439	11.5718
152.74	11.1613
154.192	11.0399
157.249	11.242
158.12	11.1354
156.504	10.915
154.537	10.705
154.364	10.6444
144.238	9.74709
542.095	43.2171
142.104	9.46208
147.165	9.84293
138.435	9.03831
140.565	9.19852
145.13	9.49498
140.474	9.04556
138.654	8.64316
140.924	8.75446
137.139	8.38602
135.703	8.22342
536.109	42.7399
146.811	8.91118
153.37	9.42437
159.778	9.82961
160.248	9.85402
158.651	9.71531
167.496	10.3643
170.497	10.5321
171.241	10.5014
533.937	42.6139
185.715	11.5308
185.256	11.2977
187	11.3403
530.117	42.3491
164.134	9.22197
131.064	10.6135
527.19	42.1189
140.133	11.2097
142.818	11.2666
141.779	11.1026
175.083	14.2622
167.115	13.0903
170.605	13.1845
160.388	12.4024
164.191	12.5765
533.551	42.8629
526.995	42.336
154.129	11.6534
156.595	11.8317
518.178	41.6506
158.631	11.8524
157.459	11.6708
158.306	11.2981
159.799	11.4202
160.403	11.3846
159.455	11.1765
160.952	11.2525
163.278	11.3655
159.991	11.0852
155.755	10.673
157.454	10.7484
149.805	10.0876
153.582	10.3451
152.648	9.9307
148.306	9.83044
151.173	9.92
145.824	9.48273
146.845	9.2803
149.023	9.39158
140.954	8.69508
552.346	44.6838
152.392	9.3531
157.973	9.79501
161.502	10.052
164.783	10.2398
168.561	10.5197
172.338	10.8002
173.292	11.0109
174.243	10.7897
175.606	10.8771
188.363	12.0667
187.974	11.4445
188.745	11.3839
180.689	10.6307
177.34	10.3176
142.616	11.5716
551.344	44.6038
149.132	12.0202
148.062	11.589
176.073	13.9689
174.231	13.6997
172.637	13.3442
168.574	13.0249
172.657	13.3218
171.344	13.1739
175.204	13.3993
167.466	12.7537
159.729	12.1081
527.675	42.6434
168.235	12.6367
166.707	12.4875
163.271	12.18
162.35	11.5976
164.342	11.6855
161.905	11.4253
163.417	11.4616
166.395	11.697
166.566	11.6457
172.428	11.9742
163.334	11.2356
159.15	10.8678
160.018	10.8619
156.888	10.5784
152.555	10.4839
151.623	10.1205
161.568	10.706
158.301	10.3184
155.036	9.91745
159.178	10.2015
165.235	10.6631
534.656	43.2466
488.667	35.3463
164.63	10.3388
167.751	10.5389
172.829	10.8722
175.216	11.0511
178.105	11.2611
179.037	10.9579
179.972	11.2527
190.91	12.2284
192.29	11.7638
193.293	11.8265
184.717	11.0073
179.015	10.474
184.787	10.9094
138.129	11.1254
150.445	12.2337
158.274	12.8938
158.449	12.2669
491.446	35.6631
177.95	14.212
177.737	13.7354
494.225	35.98
178.871	13.8041
176.741	13.6288
174.096	13.3988
183.049	14.0436
182.089	13.7885
180.661	13.6669
176.927	13.357
170.143	12.793
166.728	12.5116
167.746	12.3294
166.869	11.893
169.189	12.064
174.85	12.5042
173.821	12.2975
175.433	12.4015
185.516	13.0402
181.522	12.7127
166.005	11.4131
167.645	11.5059
161.957	11.0069
158.261	10.6912
154.942	10.4059
497.081	36.3341
174.236	11.7702
500.961	36.684
162.827	10.4972
164.765	10.6313
171.292	11.1247
173.362	11.2368
171.293	10.952
176.876	11.4289
176.123	11.158
179.485	11.4012
183.892	11.7215
188.247	12.0444
189.048	12.0081
193.44	12.3765
191.836	12.6558
196.624	12.0876
195.502	12.1221
506.757	37.5532
517.36	38.5326
527.918	39.4317
530.613	40.0674
174.365	13.987
168.718	13.3116
179.953	14.259
181.365	14.2365
182.898	14.2543
182.598	14.111
181.001	13.9795
182.475	14.0939
527.415	39.8107
190.886	14.6878
183.525	13.9051
182.094	13.7859
184.499	13.9852
169.803	13.7315
169.053	13.0435
168.764	12.0732
170.693	12.1882
529.311	40.1152
180.572	12.8936
184.913	13.2162
189.51	13.3677
187.62	13.2051
180.162	12.5644
173.89	12.0321
170.667	11.7355
179.175	12.4151
191.925	13.3011
190.885	13.1898
186.904	12.8343
524.726	39.853
519.662	39.5502
172.328	11.2294
177.587	11.6157
176.511	11.5174
517.255	39.4032
186.234	12.0884
182.295	11.7559
187.003	12.1066
188.367	12.133
189.73	12.1795
192.116	12.3202
194.729	12.4783
199.073	12.8033
200.841	12.3757
200.072	12.3852
197.713	12.409
515.221	39.2983
191.472	11.3415
507.516	38.704
190.589	15.3585
183.607	14.7488
186.864	14.9677
174.336	13.782
186.161	14.7737
187.294	14.6812
185.194	14.4227
184.196	14.2425
185.793	14.374
188.209	14.559
189.548	14.6238
199.064	15.3467
187.264	14.2149
190.443	14.4786
192.071	14.6134
529.674	40.5096
528.619	39.9864
175.954	12.5899
181.215	12.9915
184.901	13.2698
188.702	13.5559
194.945	14.0328
194.397	13.773
199.284	14.1783
177.98	12.3669
180.884	12.5889
187.683	13.0989
195.087	13.6751
192.965	13.4163
193.737	13.41
196.588	13.6301
527.909	40.6851
531.911	41.0019
181.83	11.9615
183.882	12.1068
524.923	40.5257
190.174	12.4104
186.234	12.0832
191.348	12.4656
193.835	12.629
192.776	12.4407
194.369	12.512
198.971	12.8158
203.853	13.13
204.267	13.2355
204.828	12.6729
201.349	12.2489
198.156	11.7738
194.814	11.5575
201.137	16.3115
197.572	15.9631
196.001	15.6932
193.482	15.4593
192.369	15.2884
196.642	15.485
187.602	15.6064
187.49	14.5909
189.768	14.7119
195.023	15.1174
199.045	15.439
203.038	15.6951
204.264	15.7396
192.992	14.69
200.273	15.2939
526.427	40.7998
541.033	42.1002
537.848	41.8832
535.729	41.7391
183.788	13.1917
186.244	13.3844
203.891	14.7854
204.977	14.8493
532.474	41.5197
214.84	15.474
217.158	15.6671
189.784	13.2909
199.789	14.0953
203.621	14.3838
208.521	14.7657
202.464	14.244
203.244	14.0385
209.721	14.5413
212.212	14.7348
190.277	12.62
192.208	12.7479
199.262	13.2135
197.057	12.9776
194.202	12.7215
200.873	13.2129
199.156	12.9484
204.806	13.3402
200.265	12.9549
202.915	13.1179
208.572	13.4904
209.59	13.4618
214.931	13.6849
234.156	15.1726
238.932	15.4852
537.516	41.9704
204.701	16.6597
202.571	16.4237
201.58	16.3781
201.492	15.8432
198.577	15.8031
205.989	16.2887
542.558	42.4212
547.6	42.872
562.684	44.1549
213.651	16.6638
203.068	15.7606
207.012	16.0434
209.464	16.1325
214.664	16.518
208.864	16.01
207.165	15.862
206.169	15.7752
561.706	44.3619
561.479	44.3279
556.348	43.8885
240.225	17.7995
218.992	16.0099
215.096	15.6708
227.578	16.5514
225.434	16.3565
219.476	15.8602
554.352	43.9378
551.481	43.7472
209.793	14.8998
206.979	14.6588
215.123	15.318
537.377	42.7675
534.284	42.571
214.703	14.9285
530.953	42.342
203.19	13.6517
201.467	13.4496
211.204	14.2125
204.587	13.5793
206.04	13.6703
204.47	13.5265
208.815	13.6512
210.988	13.8017
214.334	13.801
212.249	13.7686
215.251	13.9496
219.71	14.2685
229.379	14.86
243.709	15.7986
251.786	16.4677
207.562	16.8669
208.486	17.2493
207.075	16.5367
212.393	16.9464
208.883	16.5875
213.439	16.8913
227.412	17.8953
221.029	17.3242
216.11	16.8841
211.192	16.4364
213.933	16.5952
221.225	17.1163
219.854	16.9769
220.474	16.9486
213.355	16.3683
205.873	15.0461
205.169	15.7569
526.41	42.0427
524.263	41.8887
245.783	18.268
234.668	17.3312
222.315	16.2371
228.631	16.7136
229.657	16.7325
236.614	17.2578
522.933	41.7981
248.399	18.143
246.701	17.9759
226.791	16.2941
220.189	15.7418
217.656	15.5299
526.176	42.2349
217.931	15.2367
218.948	15.2067
216.834	14.752
222.596	15.2325
220.941	14.9789
223.453	15.1672
211.663	14.1537
208.066	13.8401
214.717	14.0936
212.824	13.9621
213.977	14.2705
217.419	14.281
215.927	14.0468
218.782	14.2118
224.169	14.5874
244.259	16.0099
248.87	16.2756
258.322	16.994
213.539	17.4246
214.416	17.4398
209.328	16.7105
211.581	16.8838
217.527	17.3419
224.138	17.8492
224.449	17.726
235.759	18.57
218.57	17.1042
211.771	15.6286
210.763	15.54
222.596	17.2558
224.669	17.3963
234.97	18.093
216.915	16.6524
206.767	15.4936
205.784	15.6748
520.266	41.7864
516.092	41.4864
255.13	19.0645
253.109	18.8763
226.539	16.5586
230.764	16.8802
234.988	17.2017
250.93	18.4392
247.794	18.1592
249.211	18.7259
250.099	18.2664
242.603	17.6034
234.58	16.9303
511.245	41.1527
506.396	40.8271
516.688	41.7115
221.141	15.5053
224.351	15.7682
224.573	15.2109
228.358	15.7193
229.162	15.6326
225.966	15.3555
215.706	15.5511
215.633	14.5528
216.586	14.2362
222.485	14.601
223.465	14.7378
226.973	15.0001
231.962	15.3461
228.805	15.0129
248.219	16.3018
252.178	16.5927
255.727	16.8219
221.27	18.0127
228.704	18.5099
236.138	19.0072
229.643	18.3626
230.75	18.3564
525.443	42.4652
233.493	18.453
245.375	19.3211
250.086	19.5929
247.233	19.3033
245.288	19.4553
230.559	17.8844
252.83	19.5125
249.466	19.2374
434.994	35.2843
206.118	14.7325
269.63	20.4005
267.288	20.1865
261.258	19.6346
260.371	19.4718
259.409	19.3871
265.126	19.723
248.907	18.3206
253.725	18.6978
252.269	18.5357
253.357	18.5702
254.554	18.6418
248.754	18.1142
250.157	18.2026
242.368	17.5665
487.722	35.8333
491.743	36.0802
495.089	36.2855
498.04	36.4877
232.139	16.0895
234.119	16.2061
238.205	16.4445
239.584	16.4786
216.719	15.5489
217.224	14.6856
218.644	14.5509
220.161	14.4049
224.808	14.8164
227	15.0076
230.481	15.2625
233.442	15.4303
268.164	17.3919
268.594	18.295
260.508	17.2314
268.838	17.8701
233.742	19.0952
229.854	18.7541
238.949	19.1952
241.76	19.3832
233.286	18.551
235.822	18.7456
241.268	19.1088
251.277	19.8655
252.856	19.7649
254.884	19.9579
245.358	18.7817
243.416	18.9201
256.193	19.8004
260.337	20.1176
261.594	20.1876
267.69	20.6514
277.966	21.1582
271.973	20.6153
274.009	21.0196
275.025	21.2336
265.709	19.8979
267.123	19.9103
263.132	19.505
259.005	19.134
256.527	18.8966
261.109	19.2309
259.008	19.0173
254.55	18.6105
256.886	18.7655
258.769	18.8807
270.774	19.8165
500.958	37.3521
270.255	19.4793
267.757	19.0495
245.517	17.1542
239.153	16.6194
236.826	16.4103
263.006	18.3747
504.915	37.5983
217.732	15.5467
218.746	15.5445
220.717	14.8525
222.599	14.7494
225.929	14.9716
229.318	15.2154
234.028	15.5841
240.906	16.0804
267.597	18.2153
280.943	19.2806
280.036	18.7922
240.338	19.655
235.548	19.241
250.97	20.1139
252.099	20.1751
256.134	20.4671
242.433	19.2528
249.045	19.76
256.596	20.4674
256.207	19.8689
259.681	20.323
520.235	38.8514
254.413	19.7715
264.48	20.4347
268.624	20.7518
273.786	21.1153
283.959	21.7011
288.895	22.1237
272.993	20.8055
273.325	21.7489
275.937	20.7544
270.535	20.1917
265.128	19.7076
265.261	19.6395
266.482	19.7226
271.762	20.1017
266.796	19.683
263.682	19.3863
260.284	19.0759
262.551	19.205
267.382	19.5588
274.165	20.0873
270.809	20.3119
271.253	19.416
264.262	18.6713
270.009	19.1131
283.643	20.0698
274.02	19.2771
276.41	19.4493
514.434	38.481
513.187	38.5845
518.818	39.1206
323.783	21.6763
524.065	39.6143
326.6	22.3354
327.604	22.1805
515.172	39.1344
254.252	17.1479
294.327	20.338
508.572	38.73
288.485	19.5035
246.935	20.2148
241.241	19.7279
503.19	38.3626
260.181	20.8446
259.4	20.7493
257.903	20.522
254.607	20.22
257.87	20.4601
261.79	20.7544
264.243	20.8457
263.392	20.6116
264.631	20.5833
275.09	21.4082
503.141	38.3741
274.635	21.2694
284.182	21.8934
286.011	21.9251
295.718	22.6707
297.095	22.6937
287.205	21.7364
273.947	20.4731
276.216	20.5871
277.921	20.3386
272.422	20.2153
274.181	20.3261
275.304	20.3837
270.757	19.9795
269.48	19.8625
268.216	19.6445
273.6	20.0511
277.013	20.3142
275.704	20.211
273.452	20.0238
273.518	19.2724
275.756	19.5548
528.018	40.5075
293.265	20.8588
291.207	20.6373
526.361	40.5047
524.151	40.3856
519.181	40.0286
323.65	22.6607
324.58	22.285
325.597	22.4902
327.432	23.1606
327.584	23.9844
518.158	40.0586
307.712	21.3955
318.741	22.077
315.682	21.8037
284.376	23.3163
537.87	41.8596
534.707	41.619
269.181	21.5485
529.399	41.1941
261.97	20.8199
266.037	21.118
528.13	41.1204
268.453	21.2077
266.954	21.0113
278.138	21.7918
280.24	21.9171
285.548	22.2332
280.51	21.7628
282.347	21.8097
294.586	22.6975
297.968	22.9351
300.906	23.0582
298.473	22.7185
305.462	23.2316
275.086	20.4256
277.878	21.0406
279.583	20.791
283.18	21.0581
284.67	21.1551
278.115	20.5982
522.043	40.7012
520.348	40.6125
527.693	41.238
281.788	20.6877
278.501	20.4303
539.172	42.208
296.997	21.3519
293.244	20.9747
297.205	21.2608
299.024	21.3566
298.125	21.2309
300.08	21.3132
308.954	21.9891
541.691	42.458
321.892	22.5745
323.248	22.2093
325.876	22.3748
326.412	23.1112
328.435	23.4245
327.265	23.0343
321.097	22.4529
324.513	22.6418
321.8	22.3503
327.243	22.7475
291.51	23.885
552.303	43.4949
555.222	43.8165
280.659	22.4714
276.484	22.1284
283.788	22.7083
277.274	21.9988
288.511	22.8765
276.562	21.8666
271.725	21.4239
274.932	21.6009
280.24	21.9171
282.342	22.0423
302.257	23.5618
306.709	23.9038
307.634	23.8075
302.606	23.3367
307.536	23.6488
305.111	23.3488
302.684	23.0699
314.231	23.8497
552.983	43.8215
534.956	42.5913
285.556	21.2557
292.908	21.8359
287.285	21.3536
533.844	42.5113
532.695	42.4384
520.734	41.554
296.043	21.7994
301.18	22.0937
303.225	22.2108
299.837	21.7066
298.907	21.4323
300.344	21.5228
305.604	21.8926
304.301	21.754
303.729	21.6749
314.45	22.4318
313.33	22.2968
320.324	22.6486
322.996	23.0263
325.159	23.0449
327.151	22.4717
328.659	22.5732
329.725	23.2922
331.731	23.3551
326.892	22.8694
328.263	22.9043
332.667	23.203
299.187	24.4536
301.252	24.5773
292.136	23.3944
298.394	23.8681
291.091	23.2882
310.832	24.7577
301.407	23.9349
298.802	23.7059
323.459	25.5922
327.778	25.6106
517.322	41.3272
521.604	41.7077
309.065	24.1279
309.698	24.1394
311.229	24.1977
309.997	24.0151
306.301	23.6759
319.533	24.6611
523.89	41.9712
517.476	41.5448
323	24.4678
514.684	41.3205
481.201	38.7496
312.064	23.3964
298.075	22.2307
493.799	39.7883
321.91	24.0597
319.092	23.8135
306.159	22.6833
503.853	40.6555
305.27	22.3281
302.658	22.0053
303.858	21.8937
305.064	21.9153
306.3	21.9888
312.493	22.4624
309.75	22.181
514.996	41.5858
320.073	22.891
317.577	22.5872
322.501	22.7722
324.214	22.7813
325.918	22.4613
327.308	22.3322
330.277	22.7081
332.838	23.48
336.087	23.6364
334.071	23.4235
333.476	22.629
349.81	24.5665
302.662	24.7945
303.317	24.701
305.269	24.8493
303.614	24.3174
305.698	24.448
314.087	25.0935
317.996	25.3415
307.483	24.3923
321.245	25.4595
325.672	25.7506
329.886	25.4993
435.739	35.9522
435.945	34.9736
316.241	24.6972
316.046	24.6114
315.059	24.4731
326.315	25.2721
323.765	25.0028
328.295	25.4137
485.769	35.8044
331.769	25.0859
333.353	25.2119
334.94	25.2865
331.22	24.957
322.127	24.1929
313.033	23.4249
319.896	23.9278
325.743	24.3647
316.275	23.5673
314.105	23.4309
312.026	22.8278
484.599	35.6338
493.416	36.1831
308.68	22.203
312.296	22.4907
316.874	22.8466
322.944	23.3035
318.475	22.8619
327.199	23.5427
492.205	36.5822
495.429	36.8437
323.959	22.9635
325.417	23.1544
327.223	23.2246
329.055	23.073
332.026	22.9614
333.783	23.3093
345.027	24.3231
508.886	38.1087
356.253	25.1005
304.942	24.8972
307.221	24.9998
510.606	38.4672
314.006	25.1744
319.242	25.5624
320.578	25.5939
323.576	25.7647
325.386	25.8236
327.216	25.9498
329.646	26.1762
331.906	25.9129
328.701	25.7879
325.337	25.4901
320.863	25.025
322.954	25.1272
324.634	25.1997
327.996	25.3444
331.548	25.6956
334.801	25.9704
334.851	25.1852
337.868	25.6046
336.401	25.4781
338.781	25.5816
349.184	26.4228
357.9	27.1078
361.488	27.3543
342.897	25.7489
361.287	27.215
362.284	27.2917
314.26	22.7061
316.43	23.0458
491.75	37.1428
337.568	24.6754
494.593	37.4003
318.566	22.9974
324.835	23.5041
332.498	24.0469
342.053	24.7902
364.885	27.5166
502.125	38.0872
397.698	29.0897
399.282	29.1446
500.312	38.0393
501.5	38.1808
330.631	23.1513
332.207	23.2295
379.978	27.1681
363.927	25.8306
366.089	25.9245
354.458	24.9475
499.56	38.104
501.35	38.239
313.361	25.4224
325.641	26.2674
324.398	26.0314
326.653	26.1497
327.433	26.0782
327.485	26.0373
329.507	26.1369
331.847	26.3061
333.925	26.3288
335.792	26.4238
332.066	26.0729
328.214	25.6401
330.437	25.8383
331.259	25.8041
332.91	25.709
344.453	26.5777
346.238	26.7042
343.62	26.4856
346.462	26.4784
489.044	37.5785
359.147	27.5063
360.263	27.3672
358.756	27.1809
364.024	27.6197
363.536	27.3867
360.051	27.133
362.284	27.2917
363.281	27.3769
318.623	23.2149
320.817	23.384
331.984	24.2449
343.151	25.1059
492.368	38.0048
338.967	24.6838
496.059	38.2467
370.609	27.1846
365.464	26.7011
364.468	26.6076
396.114	29.0343
400.835	30.1991
400.866	29.1996
400.974	29.0914
396.87	28.7015
388.65	27.9209
382.395	27.3779
377.561	26.9582
370.189	26.2859
372.822	26.4725
355.82	28.6854
356.709	29.1431
319.501	25.8449
332.046	26.7176
330.775	26.565
331.074	26.4229
330.369	26.2707
333.254	26.504
334.601	26.5052
337.27	26.6985
338.374	26.6767
338.801	26.6544
330.711	25.8505
332.838	26.0164
334.731	26.1403
336.909	26.2431
337.824	26.0735
342.668	26.4511
350.595	27.0242
509.466	39.2527
356.899	27.3273
358.023	27.4168
367.806	28.0158
365.438	27.8022
367.81	27.8938
368.486	27.8729
370.493	27.9914
365.272	27.5622
364.275	27.4803
504.121	38.9283
506.049	39.2591
326.401	23.8145
516.911	40.1755
348.735	25.5364
353.098	25.8659
371.816	27.3975
375.755	27.668
512.307	39.9376
384.725	28.2193
393.826	28.8958
397.815	29.1741
401.705	29.7071
402.471	29.2635
404.576	29.4192
392.765	28.3116
391.787	28.1559
385.937	27.6264
382.745	27.3305
379.555	27.0205
384.657	27.3936
354.944	28.2025
354.854	28.4252
355.847	28.6359
341.943	27.5414
336.482	27.0652
335.29	26.974
334.918	26.4779
336.124	26.7129
333.945	27.2572
339.795	26.8893
342.733	27.1009
344.512	27.1813
342.836	26.9395
517.436	40.3711
339.1	26.5268
344.868	26.8357
342.629	26.669
344.142	26.6753
522.565	40.8045
360.93	27.8081
367.21	28.1661
371.707	28.5063
373.539	28.5245
370.614	28.2372
373.219	28.3299
375.24	28.4488
376.901	28.5363
379.747	28.735
395.705	29.9669
399.548	30.2547
404.23	30.6
541.69	42.4682
544.211	42.7082
349.806	25.6236
350.878	25.7108
387.592	28.7299
383.843	28.3431
388.195	28.6903
386.463	28.4345
395.138	29.0431
398.644	29.2935
402.671	29.539
409.932	30.6063
409.307	29.825
405.556	29.4223
399.788	28.8419
402.037	29.0347
391.654	28.054
388.358	27.7123
389.758	27.7743
355.708	28.9191
356.847	28.8075
351.839	28.3651
345.823	27.8378
339.42	27.5451
339.46	26.9785
338.995	26.9218
548.257	43.1015
554.095	43.7459
344.576	27.2504
349.357	27.6116
352.297	27.8131
346.87	27.2246
344.799	27.0156
344.033	26.933
347.106	27.0024
345.624	26.8393
553.455	42.9497
532.651	42.4235
371.264	28.5921
374.02	28.7434
376.204	28.8466
377.6	28.8134
380.22	28.9463
378.629	28.7659
382.009	28.9715
385.427	29.216
390.851	29.6059
397.712	30.1262
530.346	42.2556
408.911	30.9453
415.229	31.344
525.54	41.9048
509.118	40.6575
403.385	30.0624
388.575	28.7448
393.291	29.1465
503.799	40.2652
497.517	39.7986
403.044	29.6904
405.808	29.8411
407.507	29.8994
410.773	30.0651
414.039	30.2308
406.536	29.4204
404.287	29.2275
399.672	28.7296
499.102	39.9996
394.859	28.155
404.151	28.8112
357.102	29.0151
358.913	29.0367
360.947	29.1306
357.723	28.8374
355.164	28.6104
343.59	27.5495
344.946	27.4888
360.859	28.8068
506.893	40.66
473.509	38.1031
351.657	27.8506
360.363	28.4833
354.958	27.9679
351.98	27.6261
349.194	27.365
353.314	27.4911
475.299	38.2757
370.09	28.6907
373.651	28.9306
374.579	28.8907
377.522	29.0714
378.9	29.1187
381.458	29.2937
386.427	29.4979
383.438	29.1533
390.469	29.6777
391.947	29.7534
396.66	30.0625
402.47	30.5126
404.746	30.6694
410.166	31.0682
413.592	31.2907
416.864	31.4454
417.9	31.4338
412.634	30.8524
410.924	30.6887
402.108	29.9176
491.166	39.6231
432.957	31.8661
478.479	38.5907
409.182	30.2507
414.039	30.46
410.773	30.1797
421.038	30.7386
419.668	30.5729
414.516	30.1053
433.183	34.8336
407.69	29.4051
398.727	28.4292
402.594	28.7033
360.979	29.2653
364.777	29.456
364.441	29.4198
362.942	29.2431
368.375	29.6584
350.897	28.0558
363.159	29.0457
358.558	28.5678
356.258	28.3287
353.957	28.0896
378.439	29.9439
371.68	29.3259
357.619	28.1226
354.238	27.7733
351.916	27.5601
359.921	27.9708
366.528	28.4504
372.111	28.8459
377.824	29.1947
380.883	29.3766
383.919	29.5721
382.689	29.4329
388.037	29.8149
394.625	30.0475
397.961	30.2962
398.467	30.2908
403.006	30.6083
407.001	30.8778
408.634	30.977
413.158	31.3197
416.503	31.5644
415.876	31.4904
420.735	31.645
418.936	31.4063
417.294	31.2431
420.194	31.4631
482.32	35.1739
432.031	32.2563
432.545	32.7701
415.321	30.811
421.459	31.3713
424.541	31.2762
426.006	31.1168
424.443	30.9916
482.597	35.8242
418.341	30.4063
420.028	30.5226
415.709	30.0807
414.292	29.5641
409.129	29.1748
362.528	29.4107
365.927	29.6465
368.444	29.7472
369.999	29.8205
373.807	30.0806
382.051	30.6912
376.727	30.1738
486.109	36.0289
488.551	36.2805
491.824	36.5761
390.834	31.2401
390.877	30.721
364.922	28.708
361.867	28.3846
488.219	36.3084
500.033	37.3522
500.812	37.7482
370.572	28.7613
377.577	29.333
384.244	29.6819
390.049	30.2019
389.442	29.9203
395.245	30.4726
402.823	30.599
401.05	30.5333
403.362	30.7568
404.547	30.7369
488.907	36.8853
413.894	31.4024
417.329	31.6654
421.103	31.9364
418.16	31.6903
425.413	31.9694
424.468	31.8432
488.085	37.0539
425.423	31.9615
427.136	31.9678
430.573	32.201
433.481	32.4063
430.54	32.1677
427.598	31.9316
428.403	31.5452
432.177	31.8961
431.539	31.5409
431.062	31.5388
421.478	30.6358
424.616	30.8509
419.503	30.3462
417.606	30.2134
419.456	29.9531
373.438	30.2226
374.56	30.2632
374.8	30.2367
496.425	37.6997
493.931	37.5533
390.294	31.3018
492.551	37.5883
487.21	37.2395
430.09	34.2567
419.829	33.3995
403.273	32.0173
368.523	28.98
372.124	29.252
367.437	28.7662
484.667	37.1327
491.092	37.6689
492.469	37.2206
374.074	29.0471
381.079	29.6188
393.03	30.3885
395.899	30.6245
400.573	30.9634
402.926	31.1964
411.879	31.6246
416.761	31.9815
413.795	31.7113
411.358	31.2223
412.629	31.258
418.621	31.7737
423.642	32.1701
427.651	32.4721
431.53	32.7247
430.045	32.2869
432.593	32.4357
431.445	32.5093
432.76	32.6289
431.637	32.3102
436.212	32.6236
437.058	32.6764
436.159	32.5962
431.878	32.2639
438.263	32.4111
437.287	32.1593
436.432	32.0278
433.307	31.6598
435.463	31.7504
447.556	32.71
452.799	33.1272
422.532	30.4833
422.531	29.885
499.751	38.4768
380.799	30.7825
379.601	30.6529
500.961	38.6171
492.248	38.0148
411.108	32.9632
496.175	38.4054
444.802	35.5481
437.035	34.8379
434.402	34.6158
411.551	32.7084
504.065	39.1285
374.823	29.4404
374.022	29.4159
373.007	29.1478
376.939	29.4023
493.03	38.3106
385.967	30.0249
384.582	29.9046
491.395	38.2303
399.944	30.9405
408.223	31.5738
426.765	33.0022
422.094	32.8539
425.007	32.7101
423.614	32.5188
413.368	31.1138
415.426	31.4375
420.607	31.8768
430.97	32.7624
442.481	33.7184
434.329	33.052
433.606	32.6804
435.141	32.5844
433.678	32.7124
435.91	32.9154
438.262	33.1294
441.964	33.4663
442.52	33.0805
440.537	32.9372
445.278	33.4974
444.355	32.9275
443.622	32.6844
441.803	32.5168
411.023	32.0447
434.38	31.8608
409.156	31.9083
455.404	33.3318
456.434	33.4187
425.622	30.4228
391.2	31.6221
384.199	31.046
393.483	30.7627
427.85	34.3703
419.479	33.6667
424.548	34.0024
443.468	35.4602
446.136	35.6361
443.98	35.4191
443.711	35.388
498.496	39.8102
376.965	29.5894
376.176	29.5549
499.921	39.9396
375.587	29.3566
381.222	29.7049
384.629	29.9406
387.694	30.1557
498.441	39.836
401.17	31.0518
402.395	31.1637
423.154	32.7395
430.375	33.2769
431.991	33.3412
432.148	33.247
439.289	33.784
414.405	31.2651
414.807	32.2081
425.789	32.3159
451.424	34.4842
453.203	34.5766
435.505	33.0978
437.858	33.1844
442.325	32.9481
491.312	39.3346
442.412	33.5068
445.667	33.8032
444.948	33.2166
447.397	33.4632
446.3	33.1344
445.377	32.5759
450.301	33.4293
450.78	33.2865
449.87	33.2027
486.414	38.9442
469.048	37.6941
461.191	33.7805
460.069	33.7102
463.233	33.9125
430.814	30.8249
386.007	31.2272
411.803	33.2775
423.126	34.1687
434.45	35.0599
436.222	35.0738
468.489	37.6932
437.987	35.0416
446.943	35.7389
450.301	35.9599
453.019	36.1601
470.19	37.8815
465.791	37.5583
378.898	29.7349
380.041	29.7442
377.814	29.5505
383.096	29.8451
430.422	34.6936
391.447	30.4537
393.606	30.6021
400.68	31.1271
405.074	31.4079
429.247	33.2546
429.795	34.0913
439.592	33.992
434.045	35.4891
449.025	34.5561
452.37	34.8162
456.124	35.1105
476.281	34.6853
460.366	35.25
462.875	35.4587
463.924	35.4349
436.681	33.1412
442.287	33.6912
449.515	33.6093
449.809	34.1701
451.607	34.2494
458.348	34.7196
464.07	34.8609
459.735	34.4831
456.546	34.17
453.358	33.8444
454.185	33.6142
457.938	33.8886
479.398	34.9801
480.487	35.5025
466.978	34.2292
465.204	34.1701
468.506	34.2647
466.398	34.1147
422.079	34.1221
430.53	34.7727
438.981	35.4234
442.239	35.6669
444.593	35.7773
452.714	36.7026
453.656	36.2932
450.3	36.0105
460.428	36.7701
465.68	37.1888
478.565	35.3238
477.432	35.176
382.412	29.9534
383.696	30.016
384.967	30.0092
387.127	30.157
389.287	30.3054
480.464	35.6509
416.512	32.3341
407.754	31.6521
435.341	33.7637
473.662	35.9977
455.414	35.276
484.614	36.0526
452.603	34.8398
456.18	35.1235
459.878	35.4048
491.18	36.5958
467.796	35.8901
465.335	35.6744
469.157	35.856
470.459	35.9486
446.714	33.8721
451.141	34.0485
456.226	34.4402
461.381	34.8537
465.089	35.1898
468.404	35.2387
466.145	35.0282
465.514	34.9681
492.018	37.1129
491.018	37.0292
465.546	34.511
468.311	34.7527
469.726	34.6453
471.142	34.538
470.375	34.4589
469.564	34.6171
470.507	34.346
468.452	34.2304
424.899	34.4135
429.579	34.4634
428.644	34.1076
448.705	36.1904
446.818	35.9933
451.734	36.3589
462.766	37.0518
474.169	37.9784
476.465	38.1228
472.711	37.7703
476.563	38.0562
481.223	36.2804
387.014	30.2899
479.897	36.3356
384.357	30.7956
495.788	36.9268
495.17	37.703
481.11	36.4967
489.505	37.3681
425.269	33.0162
433.59	33.6699
441.434	34.2727
458.894	35.6448
471.235	36.5601
482.935	37.4733
466.029	35.9185
475.879	36.71
472.845	36.4146
476.689	36.6589
485.187	37.2991
483.412	36.9425
474.086	36.2563
477.297	36.4835
486.459	37.1479
479.015	36.6566
468.288	35.4402
466.536	35.2673
471.381	35.6375
474.002	35.7358
471.293	35.4532
490.141	37.5097
490.183	36.5106
487.896	36.331
473.153	35.1348
474.42	35.361
474.262	34.6591
473.601	34.7416
474.203	35.0634
492.359	38.0739
473.564	34.4948
427.661	34.5536
427.805	33.564
457.248	36.8744
457.248	36.8744
493.685	37.9358
462.758	37.2226
471.875	37.8104
481.516	38.5537
493.007	39.4045
488.27	39.0176
487.445	38.9235
497.801	38.3059
391.616	30.6263
395.349	30.8991
399.952	31.2355
404.554	31.5719
412.889	32.1811
417.492	32.5175
426.697	33.1818
431.736	33.5464
435.919	33.8556
480.926	37.0592
476.353	37.0168
483.89	37.6258
494.666	38.3909
498.634	38.6736
487.768	37.6842
