-0.00201419	-9.74719e-05
0.997985	0.000600485
2.00046	0.000974186
3.00046	0.00453822
4.00045	0.000376568
5.00044	0.00212508
5.99791	-0.00017588
7.00021	9.97507e-05
8.00583	-0.00422617
8.99799	-0.000789864
0.497382	0.866277
1.49738	0.866975
2.49738	0.868775
3.49737	0.864616
4.49737	0.866369
5.50118	0.867727
6.49467	0.753828
7.4875	0.873343
8.49891	0.865765
9.49738	0.86558
3.87245e-05	1.73383
0.996775	1.73265
2.00098	1.73091
3.00097	1.73271
4.00096	1.72856
5.00096	1.73031
6.01816	1.72372
6.99839	1.74557
7.99839	1.7442
8.99831	1.73214
0.499432	2.60021
1.49942	2.59603
2.49942	2.59784
3.50459	2.59663
4.50557	2.59899
9.50725	7.79378
6.50233	2.5987
7.49957	2.61091
8.49957	2.60955
9.49945	2.59404
0.00305338	3.46831
1.00304	3.46414
2.00305	3.46595
3.00304	3.46176
4.00304	3.46355
5.00326	3.46635
6.00326	3.46526
7.00326	3.46419
8.01295	3.46907
9.01294	3.46771
0.507466	4.33177
1.50746	4.3276
2.50746	4.32941
3.50746	4.33211
4.50419	4.33292
5.50419	4.33184
6.50418	4.33075
7.50418	4.32968
8.51412	4.33442
9.50748	4.33687
0.00510094	5.19643
1.01098	5.19565
2.01098	5.19746
3.00512	5.19678
4.00512	5.19948
5.00512	5.19841
6.00511	5.19733
7.00511	5.19624
8.0051	5.19517
9.0051	5.19766
8.50725	7.7931
1.50941	6.06258
2.50941	6.06438
3.50606	6.06227
4.50605	6.06497
5.50605	6.0639
6.50605	6.06281
7.50605	6.06174
8.50295	6.06244
9.50915	6.06134
0.00785043	6.92811
1.00785	6.92968
2.00785	6.9295
3.00785	6.92932
4.00701	6.93154
5.007	6.93047
6.007	6.92938
7.007	6.92828
8.007	6.92722
9.007	6.92612
0.50725	7.79448
1.508	7.79562
2.508	7.79544
3.50551	7.7967
4.50793	7.79703
5.50793	7.79594
6.50796	7.79485
7.50796	7.7938
