-0.0243104	-0.0195785
0.975655	-0.0115885
2.00492	0.0118755
3.00403	0.0540912
4.00159	-0.0156634
5.00086	0.0225733
5.99879	0.0060919
6.99983	-0.00924719
7.98846	-0.0185923
8.97572	-0.0275536
0.46876	0.850415
1.46873	0.8584
2.46792	0.89823
3.46549	0.828491
4.46476	0.866731
5.51414	0.880799
6.39779	0.412663
7.23253	0.963308
8.48999	0.846557
9.4688	0.842426
0.00337545	1.73552
0.961836	1.7204
2.02788	1.68748
3.02709	1.72727
4.02466	1.65755
5.02392	1.69579
6.03038	1.73725
7.00379	1.9368
8.00361	1.91806
8.98309	1.71654
0.496461	2.6055
1.49382	2.53294
2.49303	2.57271
3.58862	2.55472
4.59531	2.59928
9.62063	7.77069
6.54017	2.59756
7.51994	2.79331
8.51977	2.77456
9.49733	2.56387
0.0606208	3.50552
1.05799	3.43297
2.05719	3.47272
3.05456	3.40017
4.05377	3.43995
5.0543	3.48772
6.05418	3.47152
7.05405	3.45542
8.19119	3.53454
9.19102	3.5158
0.63283	4.32563
1.6302	4.25308
2.62943	4.2928
3.62807	4.34482
4.56834	4.36171
5.5682	4.34556
6.56806	4.32938
7.56793	4.3133
8.70734	4.39104
9.63648	4.41111
0.080031	5.15894
1.1969	5.15433
2.19611	5.19403
3.08371	5.18366
4.08236	5.23568
5.08224	5.21957
6.08204	5.20344
7.0819	5.18725
8.08177	5.1712
9.08115	5.20627
8.62066	7.76272
1.66214	6.03953
2.66136	6.0792
3.59761	6.04151
4.59625	6.09353
5.59612	6.07745
6.59599	6.06126
7.59587	6.04523
8.55109	6.05423
9.63969	6.03575
0.127531	6.90869
1.12739	6.92534
2.12739	6.9247
3.12739	6.92406
4.11036	6.96754
5.11023	6.95146
6.11009	6.93527
7.10995	6.91907
8.10982	6.90305
9.10963	6.88371
0.620613	7.77867
1.62795	7.79104
2.62795	7.79041
3.58041	7.81556
4.62423	7.82542
5.6241	7.80923
6.62407	7.79308
7.62395	7.7771
