-0.0267046	-0.0236647
0.973249	-0.0146062
2.00513	0.0164204
3.00404	0.0630965
4.00069	-0.0186023
4.99963	0.0275203
5.99803	0.00795934
6.99907	-0.00995489
7.98686	-0.0213879
8.97334	-0.0326999
0.465438	0.846856
1.46539	0.855903
2.46418	0.90483
3.46084	0.823158
4.45978	0.869283
5.5158	0.884009
6.36875	0.362022
7.15689	0.977522
8.49008	0.84278
9.46549	0.837799
0.00420903	1.73414
0.957593	1.71736
2.0344	1.67825
3.03322	1.72712
4.02988	1.64547
5.02881	1.6916
6.03439	1.73904
7.01043	1.96675
8.01025	1.94813
8.98227	1.71328
0.49638	2.60464
1.4927	2.51883
2.4915	2.56766
3.60568	2.54704
4.61102	2.60014
9.64163	7.76608
6.54577	2.59841
7.52648	2.82331
8.52632	2.80468
9.49716	2.56497
0.0725249	3.51035
1.06884	3.42457
2.06764	3.47337
3.06396	3.3876
4.06277	3.43646
5.06226	3.49255
6.06209	3.47365
7.06192	3.45491
8.21951	3.54422
9.21934	3.5256
0.657073	4.32171
1.6534	4.23593
2.65223	4.28468
3.65026	4.34741
4.57862	4.36783
5.57844	4.34902
6.57824	4.33015
7.57807	4.31144
8.73556	4.40079
9.66213	4.42225
0.0913697	5.14632
1.23478	5.1441
2.23358	5.19281
3.09693	5.18036
4.09497	5.24308
5.0948	5.22433
6.09453	5.20554
7.09435	5.18666
8.09416	5.16798
9.09333	5.20884
8.64167	7.75706
1.69202	6.03346
2.69084	6.08213
3.61311	6.03684
4.61114	6.09957
5.61096	6.08084
6.61079	6.06197
7.61062	6.04331
8.55836	6.05371
9.66156	6.03171
0.149445	6.90462
1.14928	6.92279
2.14928	6.92278
3.14928	6.92276
4.12761	6.97488
5.12742	6.95617
6.12724	6.93729
7.12705	6.91839
8.12686	6.89976
9.12659	6.87658
0.641601	7.77513
1.6493	7.78881
2.6493	7.7888
3.59208	7.81938
4.64373	7.83141
5.64355	7.81253
6.64354	7.79371
7.64338	7.77513
