-0.0276746	-0.028111
0.972221	-0.0188314
2.00548	0.0247175
3.00425	0.074275
3.99952	-0.0226699
4.99786	0.035084
5.99684	0.0116306
6.99767	-0.00813062
7.98664	-0.0219013
8.97239	-0.0372064
0.464311	0.842531
1.46423	0.851666
2.46209	0.914384
3.4574	0.817666
4.45573	0.875368
5.51771	0.889375
6.31699	0.288424
7.02812	0.991479
8.49311	0.840457
9.46443	0.833266
0.00510514	1.73086
0.956471	1.71303
2.04513	1.6657
3.04332	1.72793
4.03866	1.63139
5.037	1.68907
6.03546	1.74494
7.02181	1.99153
8.02167	1.97722
8.98546	1.71096
0.497401	2.60129
1.49223	2.49909
2.49036	2.56105
3.62905	2.53839
4.62976	2.60238
9.66546	7.76159
6.55219	2.60113
7.5343	2.85033
8.53426	2.8359
9.4979	2.56853
0.0884273	3.51374
1.08321	3.41171
2.0812	3.47337
3.07605	3.37158
4.07415	3.43382
5.07096	3.49979
6.07076	3.47761
7.07059	3.4563
8.2478	3.55099
9.24771	3.53671
0.686285	4.31534
1.68115	4.21337
2.67943	4.27451
3.67646	4.35128
4.58982	4.37649
5.58951	4.35477
6.58919	4.33274
7.58894	4.31156
8.76018	4.40976
9.69306	4.43216
0.102411	5.12718
1.28014	5.12951
2.27823	5.19033
3.11151	5.17638
4.1086	5.25307
5.10842	5.2316
6.10759	5.21004
7.10733	5.18797
8.10704	5.16695
9.10602	5.2121
8.6655	7.75262
1.72666	6.02435
2.72491	6.08493
3.63002	6.03146
4.62709	6.10809
5.62683	6.08688
6.62656	6.06479
7.62636	6.04387
8.56743	6.05467
9.68349	6.02851
0.1735	6.90023
1.17338	6.91676
2.1734	6.919
3.17341	6.92113
4.14645	6.9849
5.1462	6.96381
6.14593	6.94173
7.14563	6.91942
8.14528	6.89872
9.1449	6.87108
0.665524	7.77079
1.67156	7.78384
2.67156	7.78609
3.60297	7.82418
4.66461	7.8402
5.66437	7.81814
6.66532	7.79642
7.6652	7.77609
