-0.0283489	-0.0344053
0.971347	-0.0273935
2.00258	0.0408743
3.00142	0.0890075
3.99411	-0.03079
4.99109	0.0477684
5.99254	0.0199942
6.99129	-0.000717411
7.98692	-0.0179451
8.9718	-0.0407382
0.465713	0.83517
1.46554	0.84151
2.46089	0.929665
3.45378	0.810836
4.45064	0.889079
5.51589	0.899094
6.31137	0.293116
7.01952	0.999178
8.49984	0.840891
9.46605	0.828189
0.00203808	1.72118
0.960625	1.70408
2.06254	1.64402
3.05941	1.72993
4.05246	1.61184
5.04947	1.68987
6.03571	1.75348
7.03848	1.99929
8.03832	1.99859
8.99531	1.70992
0.497533	2.58979
1.49	2.46452
2.4866	2.54929
3.66319	2.52686
4.65083	2.60692
9.68974	7.75657
6.55549	2.60788
7.53965	2.86503
8.53994	2.86387
9.49749	2.575
0.109496	3.51105
1.10171	3.38648
2.09775	3.47
3.09027	3.34652
4.0867	3.43255
5.07623	3.51191
6.07605	3.48546
7.07595	3.46188
8.26917	3.54906
9.26919	3.54853
0.7218	4.30167
1.71433	4.17733
2.71164	4.25855
3.70665	4.35728
4.59776	4.39022
5.59719	4.36527
6.59658	4.3393
7.59623	4.31619
8.76984	4.41474
9.73059	4.4361
0.106995	5.09035
1.33607	5.10328
2.33267	5.18328
3.12385	5.1698
4.11907	5.2681
5.11896	5.24397
6.11653	5.21962
7.11615	5.19352
8.11568	5.17089
9.11473	5.21452
8.68978	7.75081
1.76568	6.00657
2.7629	6.08561
3.64457	6.0236
4.63982	6.12151
5.63937	6.0984
6.63888	6.07218
7.63867	6.04983
8.57742	6.05791
9.69764	6.02706
0.195981	6.89405
1.19608	6.90022
2.19615	6.90907
3.19616	6.9175
4.1629	6.99997
5.16256	6.97741
6.16215	6.95135
7.1616	6.92429
8.16085	6.90271
9.16033	6.87045
0.690058	7.76334
1.68889	7.77035
2.68885	7.77926
3.60576	7.82982
4.6823	7.85453
5.68196	7.82851
6.68616	7.80366
7.68629	7.78352
