-0.0270607	-0.0437414
0.972384	-0.0389526
1.99742	0.0632925
2.99646	0.107204
3.9855	-0.0390066
4.98035	0.0639269
5.9858	0.0324374
6.98257	0.0084083
7.98578	-0.0155042
8.97323	-0.0475826
0.468958	0.824804
1.46869	0.828276
2.45988	0.949934
3.4493	0.805442
4.44388	0.907687
5.51023	0.912121
6.30827	0.309521
7.02386	1.00804
8.50828	0.837773
9.46947	0.819975
-0.00169195	1.70712
0.966727	1.69207
2.08399	1.61705
3.07816	1.73431
4.06798	1.59114
5.06296	1.6928
6.03228	1.76517
7.0598	2.00788
8.05941	2.02434
9.0065	1.70546
0.497115	2.57384
1.48583	2.41961
2.47952	2.53481
3.70439	2.51354
4.67336	2.61365
9.71904	7.74835
6.55427	2.61825
7.54642	2.88214
8.54677	2.89783
9.49694	2.58523
0.135814	3.50567
1.12402	3.35256
2.11678	3.46569
3.10559	3.31456
4.0989	3.43205
5.07809	3.52805
6.07784	3.49746
7.07768	3.47045
8.29319	3.54732
9.29308	3.56414
0.766494	4.28172
1.75523	4.12898
2.75026	4.23792
3.74181	4.36568
4.60292	4.40818
5.60215	4.37945
6.60135	4.34947
7.60086	4.32305
8.77889	4.4215
9.77847	4.43904
0.104715	5.03142
1.41215	5.06863
2.40614	5.17571
3.13565	5.16093
4.12761	5.28784
5.12748	5.25997
6.12412	5.23213
7.12364	5.20199
8.12306	5.17609
9.1222	5.21761
8.7191	7.74553
1.81735	5.98326
2.81237	6.08883
3.65917	6.01314
4.65137	6.13906
5.65065	6.11291
6.64984	6.08255
7.64947	6.0568
8.58667	6.06213
9.70982	6.02675
0.223594	6.88468
1.22382	6.8789
2.22392	6.89662
3.22388	6.91359
4.17777	7.01892
5.1774	6.99383
6.17689	6.96392
7.17609	6.93225
8.17495	6.90757
9.17429	6.87127
0.719325	7.75288
1.70932	7.75313
2.70918	7.77098
3.60551	7.83804
4.69926	7.87212
5.69882	7.84224
6.70527	7.81389
7.70555	7.79147
