-0.0209994	-0.0592582
0.978125	-0.0560165
1.98707	0.0987875
2.98652	0.131913
3.97044	-0.0451009
4.96206	0.0863397
5.97339	0.0523617
6.96959	0.0205089
7.98197	-0.0170175
8.97955	-0.0618838
0.476184	0.808617
1.47587	0.809767
2.45927	0.980274
3.44369	0.80545
4.43482	0.935765
5.4967	0.931434
6.30097	0.337178
7.03239	1.0191
8.52026	0.826436
9.47673	0.805078
-0.0062788	1.68453
0.976325	1.67452
2.11274	1.58128
3.10067	1.74521
4.08583	1.57218
5.07778	1.70123
6.01934	1.784
7.09062	2.01797
8.08952	2.05865
9.01965	1.6935
0.495252	2.54967
1.4772	2.35501
2.46458	2.5163
3.75792	2.49823
4.69608	2.62526
9.75741	7.73325
6.54298	2.63596
7.55608	2.90377
8.55586	2.94354
9.49642	2.60305
0.172263	3.49541
1.15336	3.30192
2.13964	3.46078
3.12173	3.27003
4.10848	3.43418
5.07222	3.55175
6.07169	3.51795
7.0712	3.48508
8.32239	3.54635
9.32157	3.58755
0.828067	4.25033
1.80977	4.05718
2.79898	4.2105
3.78409	4.3794
4.6014	4.43402
5.60068	4.4006
6.59995	4.36703
7.5993	4.33434
8.78663	4.43211
9.84567	4.4399
0.0762365	4.90969
1.53185	5.01804
2.52014	5.1695
3.14539	5.14888
4.13114	5.3164
5.13079	5.28259
6.12831	5.24995
7.12778	5.21633
8.12724	5.18355
9.12647	5.22267
8.75754	7.73203
1.89582	5.94974
2.88526	6.09968
3.67288	5.99887
4.65942	6.16428
5.65824	6.13262
6.65695	6.09863
7.65611	6.0653
8.59298	6.06847
9.71724	6.02951
0.260979	6.86877
1.26122	6.84882
2.26119	6.88012
3.26091	6.91037
4.18772	7.04473
5.1874	7.01484
6.18698	6.98189
7.18598	6.94656
8.18449	6.91397
9.18374	6.87532
0.756966	7.7366
1.73523	7.72931
2.73477	7.76082
3.59888	7.85178
4.71316	7.89523
5.71262	7.86222
6.71859	7.82997
7.71871	7.79987
