-0.0137487	-0.0735346
0.985068	-0.0659112
1.98248	0.124553
2.982	0.155355
3.96247	-0.0397883
4.95262	0.100728
5.96577	0.0647477
6.95597	0.0276358
7.98227	-0.0211104
8.98688	-0.0804814
0.479733	0.796595
1.47946	0.801752
2.45675	1.00493
3.43797	0.812001
4.42803	0.952009
5.48994	0.944289
6.29785	0.354979
7.04032	1.02486
8.53627	0.812303
9.48039	0.788444
-0.00324482	1.67223
0.976338	1.66453
2.13034	1.56136
3.11224	1.75775
4.09391	1.56686
5.08419	1.70652
6.01639	1.79468
7.12151	2.02234
8.11918	2.08556
9.0327	1.68127
0.494677	2.53945
1.46987	2.31381
2.45129	2.50744
3.79365	2.4889
4.71178	2.63453
9.80481	7.71682
6.54273	2.64514
7.5673	2.91848
8.56617	2.98043
9.49715	2.6143
0.202216	3.49497
1.17657	3.2705
2.15697	3.46177
3.13251	3.23951
4.11345	3.43572
5.07547	3.56603
6.07483	3.52893
7.07422	3.49239
8.35151	3.53911
9.34949	3.60322
0.870769	4.23878
1.84637	4.01419
2.8311	4.1979
3.81269	4.38879
4.6078	4.44999
5.60701	4.41299
6.60621	4.37606
7.6055	4.33983
8.79542	4.43524
9.89145	4.44456
0.00377564	4.73787
1.63949	4.99263
2.62278	5.17442
3.15742	5.14366
4.1396	5.33354
5.13938	5.29713
6.13747	5.26062
7.13713	5.22343
8.13676	5.18721
9.13609	5.23575
8.80505	7.71135
1.97472	5.93486
2.95921	6.1152
3.68919	5.99066
4.67114	6.18023
5.67033	6.14519
6.66906	6.10713
7.66817	6.07038
8.59443	6.07635
9.74088	6.03248
0.311386	6.85411
1.31164	6.83342
2.31122	6.87571
3.31039	6.91621
4.20501	7.06414
5.2042	7.02991
6.20327	6.99241
7.20191	6.95248
8.19998	6.91698
9.199	6.87292
0.80377	7.72429
1.77639	7.71882
2.77556	7.76127
3.61332	7.86922
4.73434	7.91265
5.73365	7.87527
6.73917	7.83815
7.73939	7.80587
