-0.0103437	-0.0858247
0.987963	-0.0685653
1.98541	0.132043
2.98456	0.173219
3.96352	-0.0291729
4.95411	0.103992
5.9649	0.0653532
6.94438	0.0267269
7.98658	-0.0280259
8.99033	-0.101816
0.475157	0.789139
1.47493	0.803644
2.45056	1.01727
3.43082	0.817087
4.42238	0.951403
5.49303	0.947031
6.30024	0.356775
7.04619	1.02278
8.55287	0.797559
9.47613	0.771092
0.00447574	1.67144
0.963348	1.66182
2.13325	1.5566
3.11226	1.76492
4.09206	1.56699
5.08214	1.70365
6.02479	1.79461
7.14597	2.01903
8.14217	2.10037
9.04328	1.67043
0.493698	2.5436
1.46433	2.30109
2.44302	2.50664
3.80766	2.48276
4.72271	2.63725
9.85601	7.7002
6.55662	2.64215
7.57631	2.92326
8.57443	3.00259
9.49554	2.61186
0.218659	3.504
1.18879	3.26292
2.16661	3.46609
3.13797	3.22578
4.11673	3.43312
5.09077	3.56719
6.09021	3.52672
7.08975	3.48887
8.37798	3.52123
9.37459	3.60433
0.886584	4.24866
1.85931	4.00674
2.84406	4.19873
3.82688	4.3899
4.62502	4.45243
5.62402	4.41298
6.623	4.37296
7.62236	4.33622
8.80506	4.42552
9.90648	4.45261
0.0202215	4.75039
1.71207	4.9957
2.69398	5.18542
3.17244	5.14413
4.15562	5.33549
5.15601	5.30008
6.15416	5.26072
7.15427	5.21986
8.15431	5.18402
9.1536	5.25167
8.85648	7.68569
2.03983	5.94029
3.02311	6.12851
3.70926	5.98694
4.68918	6.18327
5.68957	6.14731
6.68874	6.10456
7.68821	6.06887
8.59556	6.08146
9.78148	6.03113
0.369015	6.84146
1.36943	6.83734
2.36882	6.88326
3.36747	6.92613
4.23271	7.0736
5.23083	7.03587
6.22869	6.99214
7.22673	6.94619
8.22418	6.91324
9.22273	6.86041
0.854374	7.71639
1.83172	7.72405
2.83077	7.77004
3.64919	7.88494
4.76561	7.92106
5.76468	7.87797
6.77059	7.83488
7.77131	7.80672
