-0.00437701	-0.106786
0.993021	-0.0768374
1.98147	0.153908
2.98041	0.199924
3.95937	-0.00339803
4.95132	0.11227
5.94726	0.0652475
6.93185	0.0241224
7.98654	-0.0452776
8.99677	-0.136356
0.47019	0.774496
1.47025	0.800899
2.44162	1.04175
3.42196	0.838984
4.41641	0.958508
5.49107	0.955139
6.29788	0.36434
7.05472	1.01794
8.5701	0.768247
9.47122	0.742993
0.00537929	1.65991
0.947428	1.65326
2.13931	1.54242
3.10773	1.78756
4.08612	1.58589
5.07681	1.71144
6.02645	1.80079
7.17578	2.01198
8.16957	2.11894
9.04943	1.64733
0.4827	2.53864
1.44239	2.25902
2.41173	2.50418
3.83232	2.47579
4.7228	2.64779
9.91812	7.67266
6.56185	2.64644
7.58303	2.927
8.57899	3.03172
9.48447	2.606
0.246323	3.50937
1.20603	3.23053
2.1752	3.47444
3.13596	3.19402
4.10682	3.43658
5.10131	3.57377
6.10057	3.5337
7.0997	3.49052
8.40778	3.49266
9.4018	3.60237
0.908361	4.25948
1.87176	3.97825
2.84862	4.2115
3.8338	4.39868
4.63856	4.46041
5.63803	4.41782
6.63759	4.37727
7.63714	4.33494
8.81063	4.40798
9.92648	4.45528
0.0416798	4.76285
1.87035	4.97708
2.8433	5.20978
3.1836	5.15483
4.16894	5.34387
5.1698	5.30718
6.1733	5.2628
7.17438	5.22092
8.17541	5.17935
9.17484	5.26596
8.91903	7.64436
2.15536	5.93423
3.12885	6.16714
3.72934	5.99035
4.70718	6.19202
5.70905	6.15071
6.70875	6.10534
7.70808	6.06366
8.60054	6.08457
9.82122	6.03142
0.440129	6.81928
1.44079	6.83153
2.43981	6.89054
3.4374	6.94527
4.25886	7.08871
5.25566	7.04201
6.25239	6.99396
7.25011	6.94474
8.24715	6.90616
9.24543	6.84893
0.913943	7.70139
1.89248	7.72366
2.89087	7.78288
3.68955	7.91129
4.8001	7.9322
5.799	7.88527
6.79719	7.83502
7.7978	7.80151
