0.00382811	-0.120749
1.00277	-0.0926907
1.97137	0.197203
2.97088	0.228467
3.95243	0.0356268
4.9466	0.125575
5.94299	0.0708917
6.91537	0.0250555
7.98068	-0.0508704
9.00376	-0.147409
0.481232	0.759294
1.48189	0.786731
2.44281	1.0791
3.42481	0.883268
4.42234	0.978929
5.49375	0.964313
6.29439	0.365174
7.05336	1.01629
8.57337	0.755355
9.48166	0.730803
0.00694685	1.63967
0.956028	1.63954
2.16267	1.51626
3.10806	1.83032
4.08674	1.63199
5.07955	1.73528
6.03673	1.80576
7.18837	2.00794
8.18173	2.12084
9.05368	1.63325
0.479526	2.52095
1.41639	2.17813
2.36358	2.4972
3.87863	2.46795
4.7127	2.66708
9.96949	7.6607
6.57965	2.64725
7.589	2.92516
8.58361	3.03676
9.48216	2.59717
0.309652	3.50605
1.24856	3.16324
2.19669	3.48376
3.134	3.13524
4.08465	3.44671
5.12094	3.58047
6.12023	3.53546
7.11953	3.4907
8.42097	3.48003
9.41439	3.59476
0.940309	4.28253
1.88259	3.93732
2.83558	4.25449
3.82712	4.41426
4.66032	4.46851
5.65962	4.42313
6.65893	4.37795
7.65864	4.335
8.81881	4.39751
9.95188	4.43896
0.0686657	4.77824
2.09552	4.91215
3.04263	5.23292
3.19889	5.18782
4.18952	5.35155
5.19057	5.31597
6.19515	5.2678
7.19625	5.22095
8.19729	5.18036
9.1969	5.27373
8.96975	7.63367
2.28958	5.89095
3.23586	6.21412
3.74779	6.02097
4.72959	6.20151
5.73355	6.15734
6.73498	6.10712
7.73554	6.06881
8.61681	6.08824
9.85946	6.02586
0.488538	6.80623
1.4875	6.75553
2.48116	6.87027
3.47379	6.98097
4.29227	7.10619
5.288	7.0526
6.28361	6.99676
7.28178	6.94363
8.28014	6.90904
9.27755	6.83898
0.968361	7.68625
1.88702	7.67221
2.88079	7.78659
3.74072	7.94254
4.84001	7.94663
5.83853	7.89225
6.83054	7.83535
7.83067	7.80342
