-0.00389349	-0.00111005
0.996105	0.000119096
2.00105	0.00130442
3.00103	0.00824972
4.00099	-0.000670307
5.00098	0.00336309
5.99893	0.000714444
7.0004	-0.000543736
7.99993	-0.00237031
8.99611	-0.00233319
0.495043	0.865529
1.49504	0.866756
2.49503	0.87078
3.49499	0.861863
4.49498	0.865897
5.50226	0.868652
6.48899	0.706296
7.47372	0.88035
8.49799	0.864776
9.49505	0.864301
0.000361011	1.7346
0.993982	1.73217
2.00274	1.7283
3.00273	1.73231
4.00269	1.7234
5.00268	1.72743
6.0133	1.72821
6.99726	1.75955
7.99726	1.75654
8.99694	1.73141
0.499302	2.60124
1.49926	2.59231
2.49926	2.59632
3.51044	2.59384
4.5124	2.59899
9.51535	7.79251
6.50569	2.59859
7.49987	2.62406
8.49987	2.62105
9.49937	2.58942
0.00705451	3.47169
1.00701	3.46277
2.00701	3.46677
3.00697	3.45785
4.00696	3.46186
5.00753	3.46781
6.00753	3.46567
7.00753	3.46355
8.02701	3.47384
9.02701	3.47083
0.516213	4.33236
1.51618	4.32344
2.51617	4.32743
3.51615	4.33313
4.50938	4.3349
5.50937	4.33277
6.50937	4.33063
7.50937	4.32851
8.52962	4.33836
9.51627	4.34297
0.0111847	5.19547
1.0233	5.19354
2.02329	5.19753
3.01123	5.19629
4.01122	5.20198
5.01122	5.19986
6.0112	5.19773
7.0112	5.1956
8.0112	5.19348
9.01119	5.19811
8.51535	7.79129
1.51985	6.06155
2.51985	6.06553
3.51308	6.06125
4.51306	6.06694
5.51306	6.06483
6.51305	6.06269
7.51305	6.06057
8.50718	6.06181
9.5189	6.05964
0.0164165	6.9271
1.01641	6.92992
2.01641	6.92956
3.01641	6.92919
4.01491	6.93403
5.01491	6.93192
6.01491	6.92978
7.0149	6.92764
8.0149	6.92553
9.01489	6.92334
0.515356	7.79373
1.51673	7.79576
2.51673	7.7954
3.51147	7.79805
4.51674	7.799
5.51674	7.79686
6.51677	7.79474
7.51677	7.79264
