0.00942181	-0.131138
1.00919	-0.0965332
1.97445	0.207072
2.97374	0.24464
3.9533	0.0419673
4.94721	0.131659
5.94423	0.0686801
6.89772	0.0268467
7.98669	-0.0506034
9.00831	-0.161583
0.482279	0.751837
1.48256	0.788815
2.44044	1.09186
3.42061	0.886233
4.41843	0.98246
5.50298	0.966077
6.29989	0.36198
7.05702	1.01524
8.59094	0.747337
9.48322	0.717763
0.0283653	1.64288
0.947952	1.63713
2.16971	1.51498
3.11348	1.83629
4.08994	1.6282
5.0823	1.73335
6.05601	1.80232
7.21416	2.00398
8.20615	2.12778
9.06977	1.62639
0.490596	2.52964
1.42117	2.17372
2.36554	2.49842
3.89425	2.46264
4.73017	2.671
10.0294	7.64924
6.60903	2.63858
7.60542	2.92565
8.59922	3.04762
9.49249	2.59711
0.334892	3.51671
1.26928	3.16196
2.21501	3.48838
3.14565	3.12459
4.09343	3.44371
5.1494	3.57951
6.1489	3.52637
7.14894	3.48338
8.4453	3.46846
9.43722	3.59541
0.95709	4.29992
1.89609	3.94413
2.85046	4.26253
3.84487	4.41452
4.69024	4.469
5.68872	4.42115
6.68699	4.36919
7.68684	4.33062
8.83201	4.39067
9.96662	4.44513
0.0877769	4.80036
2.15742	4.90769
3.10387	5.23013
3.22379	5.19254
4.21653	5.35038
5.21843	5.31859
6.219	5.26852
7.21984	5.21419
8.22059	5.18117
9.21836	5.30062
9.02943	7.61751
2.35005	5.88738
3.29589	6.21164
3.77513	6.02346
4.75678	6.20298
5.76261	6.16089
6.76519	6.10297
7.76724	6.07518
8.61708	6.09953
9.91709	6.02028
0.551326	6.79745
1.54937	6.74018
2.54088	6.86753
3.53186	6.99133
4.33452	7.11639
5.32894	7.06196
6.32262	6.99573
7.32015	6.93379
8.31854	6.91244
9.31366	6.81736
1.0316	7.67877
1.9361	7.66244
2.92836	7.78908
3.7872	7.95565
4.88396	7.95743
5.8819	7.89338
6.87761	7.82963
7.87834	7.8118
