0.0144148	-0.141849
1.01493	-0.100469
1.97765	0.215547
2.97666	0.260225
3.95313	0.0433362
4.94622	0.140394
5.94538	0.0670093
6.8783	0.0298276
7.99321	-0.0491225
9.01219	-0.175916
0.482842	0.744206
1.48276	0.790965
2.43755	1.10352
3.41479	0.88399
4.41203	0.987924
5.5135	0.968962
6.30606	0.359173
7.06131	1.01461
8.60976	0.739827
9.48435	0.704311
0.0526145	1.64693
0.939334	1.63454
2.17697	1.51393
3.12103	1.83825
4.0944	1.61641
5.08566	1.73032
6.07756	1.79974
7.24291	1.99965
8.2333	2.13513
9.08797	1.61971
0.504288	2.53911
1.42967	2.17354
2.37272	2.49914
3.90947	2.45652
4.75292	2.6751
10.0936	7.63754
6.64161	2.63052
7.62431	2.92601
8.61732	3.05892
9.50549	2.59806
0.359293	3.52731
1.29036	3.16427
2.23518	3.49204
3.15994	3.11627
4.10595	3.4393
5.18204	3.57907
6.18163	3.5183
7.18235	3.47674
8.47236	3.45585
9.46233	3.59688
0.97571	4.31501
1.91298	3.95232
2.87062	4.26704
3.86776	4.41373
4.72437	4.46993
5.72207	4.41973
6.71931	4.36125
7.71928	4.32728
8.84619	4.38332
9.98362	4.45218
0.109805	4.82216
2.21298	4.90526
3.1606	5.22428
3.25233	5.19468
4.24694	5.34915
5.24989	5.32195
6.24678	5.27003
7.24751	5.2083
8.2481	5.18356
9.24381	5.32915
9.09339	7.60138
2.40967	5.88481
3.35696	6.20491
3.80615	6.02355
4.78728	6.20487
5.7954	6.16526
6.79923	6.09946
7.80282	6.08299
8.62169	6.11177
9.9773	6.01501
0.618172	6.78821
1.61559	6.72768
2.60535	6.86466
3.59503	6.9987
4.38182	7.12766
5.37467	7.07245
6.366	6.99535
7.36266	6.92418
8.36071	6.9175
9.35248	6.79509
1.09937	7.67092
1.99244	7.65413
2.9834	7.79017
3.83445	7.96689
4.93316	7.96955
5.93041	7.8955
6.92958	7.82437
7.9308	7.8223
