0.0189295	-0.152514
1.02025	-0.105312
1.98049	0.224308
2.97919	0.275295
3.95143	0.0403215
4.94302	0.152552
5.94635	0.0664177
6.85677	0.0344094
7.9993	-0.0455114
9.0154	-0.188764
0.484208	0.736204
1.4839	0.791891
2.43498	1.11506
3.4081	0.877961
4.40372	0.996778
5.52508	0.973412
6.31244	0.356923
7.0657	1.01464
8.62865	0.733856
9.48626	0.691501
0.0793144	1.65057
0.932424	1.63109
2.18603	1.51167
3.1313	1.83743
4.10059	1.5981
5.08993	1.72761
6.10127	1.79844
7.2736	1.99509
8.26229	2.14209
9.10817	1.61363
0.521088	2.5477
1.44155	2.17384
2.38381	2.4986
3.92631	2.44935
4.78049	2.68022
10.1615	7.62658
6.67744	2.62347
7.6455	2.92599
8.63785	3.06951
9.52172	2.6
0.385612	3.53663
1.31383	3.16678
2.25823	3.49461
3.17702	3.10785
4.12139	3.43388
5.21922	3.57961
6.21876	3.51174
7.22009	3.47111
8.50152	3.44253
9.48904	3.59911
0.998095	4.32729
1.93433	3.95924
2.89567	4.26939
3.89554	4.41248
4.76313	4.47173
5.7601	4.41931
6.75632	4.35455
7.75638	4.32536
8.86098	4.37559
10.0046	4.4586
0.136167	4.84207
2.26876	4.90145
3.21794	5.21609
3.28494	5.19544
4.28126	5.34824
5.28541	5.32648
6.27897	5.27277
7.27969	5.20369
8.2802	5.18799
9.27415	5.35669
9.16087	7.58749
2.47068	5.88066
3.4198	6.19553
3.84093	6.02284
4.82148	6.20759
5.83237	6.17087
6.83765	6.09706
7.84287	6.09287
8.63396	6.12432
10.0382	6.01071
0.687497	6.77891
1.68432	6.71352
2.6724	6.85994
3.66082	7.00421
4.43463	7.1403
5.42569	7.08449
6.41422	6.99602
7.40979	6.91532
8.40716	6.92501
9.39457	6.7748
1.17132	7.66246
2.05157	7.64392
3.04113	7.78929
3.883	7.97658
4.98801	7.98336
5.98444	7.89895
6.98673	7.82002
7.98823	7.83544
