0.0230349	-0.16282
1.0253	-0.111168
1.98336	0.233567
2.98178	0.289784
3.94861	0.0336371
4.93783	0.16796
5.9494	0.0676894
6.83322	0.0404935
8.00485	-0.0394623
9.01792	-0.199256
0.486943	0.727965
1.48666	0.791294
2.43334	1.1266
3.4012	0.86904
4.39397	1.00907
5.53776	0.979187
6.31891	0.354843
7.06991	1.01515
8.64709	0.73006
9.48946	0.679919
0.108342	1.65353
0.928185	1.62677
2.1973	1.50805
3.14438	1.83433
4.10853	1.57452
5.09489	1.7257
6.12713	1.7982
7.30582	1.98998
8.29275	2.14829
9.13047	1.60848
0.54117	2.555
1.4568	2.17379
2.39847	2.49688
3.94526	2.44118
4.81264	2.68657
10.2332	7.61696
6.71649	2.61723
7.66865	2.92526
8.66061	3.07903
9.54133	2.60298
0.414584	3.54435
1.34028	3.16875
2.28451	3.49634
3.19697	3.09894
4.13966	3.42768
5.26113	3.58113
6.26042	3.50656
7.26227	3.46622
8.53288	3.42723
9.51704	3.60219
1.02489	4.33656
1.96061	3.96427
2.92555	4.27031
3.92826	4.41096
4.80688	4.47447
5.8031	4.41984
6.79826	4.34886
7.79836	4.3246
8.87504	4.36664
10.0302	4.46403
0.167398	4.85951
2.32699	4.89543
3.27765	5.20605
3.32207	5.19543
4.31998	5.34772
5.32551	5.33218
6.31585	5.27671
7.3166	5.20012
8.31702	5.19425
9.30982	5.38233
9.23184	7.57697
2.5339	5.87438
3.48476	6.18428
3.87983	6.02216
4.85995	6.2111
5.87407	6.17778
6.88098	6.09564
7.88794	6.10486
8.65478	6.13695
10.1001	6.00754
0.759094	6.77002
1.75517	6.69631
2.74146	6.85309
3.72847	7.0087
4.49368	7.15416
5.48272	7.09819
6.46799	6.99767
7.46225	6.907
8.45854	6.93504
9.44064	6.75731
1.2478	7.65348
2.11201	7.63082
3.0999	7.78656
3.9345	7.98506
5.049	7.99886
6.04445	7.90355
7.04992	7.81645
8.05142	7.85132
