0.0266799	-0.17263
1.03007	-0.117641
1.98695	0.242725
2.9851	0.303628
3.94552	0.024529
4.93138	0.185932
5.95283	0.0693475
6.80825	0.0475318
8.0101	-0.0311719
9.01964	-0.207394
0.490831	0.719781
1.49082	0.789747
2.43288	1.1378
3.39457	0.858206
4.38322	1.02401
5.55177	0.985724
6.32586	0.35265
7.07473	1.01536
8.66508	0.728488
9.49376	0.66955
0.139841	1.65616
0.926106	1.62209
2.21022	1.50385
3.1596	1.82944
4.11769	1.54744
5.09981	1.72479
6.15518	1.79858
7.34062	1.98335
8.32543	2.15462
9.15503	1.60423
0.56412	2.56169
1.47502	2.17418
2.41634	2.49473
3.96582	2.43229
4.84909	2.69418
10.3093	7.6088
6.75859	2.61144
7.69315	2.92345
8.68508	3.08887
9.56378	2.60811
0.445828	3.55116
1.3694	3.17095
2.31381	3.49802
3.21958	3.09014
4.16076	3.42084
5.30794	3.58344
6.3068	3.50254
7.30905	3.46156
8.56838	3.40422
9.54641	3.60724
1.05633	4.34305
1.99205	3.9678
2.96042	4.27035
3.96611	4.4093
4.85606	4.47804
5.85149	4.42105
6.84551	4.34381
7.84556	4.32438
8.88325	4.35284
10.0607	4.46948
0.203854	4.87479
2.38818	4.88779
3.34028	5.19478
3.36434	5.19508
4.36377	5.34754
5.37089	5.33879
6.35804	5.2815
7.35882	5.19708
8.3591	5.20162
9.35129	5.40639
9.30691	7.56975
2.5999	5.86658
3.55246	6.17175
3.92355	6.02199
4.90353	6.21519
5.92133	6.18571
6.93001	6.09479
7.93881	6.11837
8.68372	6.14947
10.1647	6.00523
0.833821	6.76182
1.82888	6.67666
2.81318	6.84478
3.79856	7.01289
4.55991	7.16887
5.54676	7.11328
6.52827	6.99997
7.52096	6.89868
8.51566	6.94703
9.49148	6.74182
1.32961	7.64428
2.17441	7.61547
3.16029	7.78265
3.99146	7.9928
5.11698	8.01572
6.11125	7.90886
7.12032	7.81323
8.12148	7.86947
