0.0168391	-0.169672
1.02033	-0.103942
1.99405	0.228088
2.99136	0.301434
3.95106	0.0183694
4.93649	0.189702
5.9661	0.0584854
6.80764	0.0362315
8.01009	-0.0368188
9.00842	-0.212679
0.47358	0.728627
1.47265	0.812492
2.4277	1.12917
3.38764	0.844059
4.37448	1.01826
5.57505	0.979388
6.34485	0.341104
7.09755	0.999455
8.6618	0.726314
9.47709	0.666687
0.178968	1.68425
0.89523	1.63938
2.20218	1.51931
3.16029	1.81736
4.11633	1.52762
5.09755	1.71184
6.19196	1.7864
7.38709	1.96279
8.35737	2.20485
9.14973	1.60386
0.58067	2.60002
1.48921	2.21127
2.43809	2.50638
3.96997	2.41845
4.89834	2.69289
10.3886	7.60863
6.80885	2.59343
7.67413	2.92687
8.65396	3.16096
9.61238	2.86339
0.467382	3.59042
1.39071	3.20844
2.34427	3.51351
3.24448	3.09742
4.19327	3.40303
5.37348	3.57349
6.37107	3.49117
7.37192	3.43957
8.63704	3.19114
9.39607	3.83957
1.11587	4.35142
2.05088	3.97668
3.02463	4.26168
4.03251	4.39912
4.92764	4.46978
5.92318	4.40838
6.91733	4.3273
7.91689	4.30034
8.45415	4.17501
10.1274	4.52714
0.269177	4.89011
2.42835	4.90618
3.387	5.19274
3.43503	5.1867
4.43545	5.33844
5.44361	5.32934
6.43588	5.26644
7.43717	5.17718
8.43876	5.17556
9.42237	5.42861
9.38569	7.56047
2.66246	5.88137
3.62202	6.16431
3.99852	6.01291
4.97965	6.20648
6.00082	6.17255
7.01174	6.07716
8.02341	6.09765
8.72037	6.13809
10.2678	5.98659
0.916344	6.76445
1.91291	6.70592
2.89978	6.85537
3.88845	7.00689
4.65004	7.16702
5.63454	7.10381
6.61341	6.98446
7.60333	6.88031
8.59533	6.9335
9.55933	6.68699
1.41095	7.65126
2.27477	7.63859
3.26342	7.78717
4.079	7.98885
5.21499	8.01134
6.20864	7.89888
7.20886	7.79784
8.21002	7.86036
