0.0211248	-0.178571
1.02624	-0.11292
2.00026	0.239438
2.99743	0.314682
3.94934	0.00676538
4.9299	0.209917
5.96936	0.0612647
6.77945	0.0454247
8.01307	-0.0246004
9.01004	-0.215495
0.482659	0.720007
1.48306	0.806923
2.43255	1.14117
3.38568	0.833115
4.36681	1.03771
5.59002	0.987376
6.35063	0.338177
7.09955	1.00084
8.67733	0.728771
9.48607	0.659283
0.215401	1.68363
0.902385	1.6326
2.22168	1.51217
3.18145	1.81199
4.13022	1.49915
5.10469	1.71573
6.22301	1.78755
7.41937	1.95635
8.38831	2.205
9.17685	1.60092
0.610982	2.60207
1.51401	2.20752
2.46126	2.5027
3.99733	2.40866
4.94148	2.70338
10.4764	7.60357
6.85601	2.58773
7.70308	2.92301
8.68307	3.16216
9.64237	2.86596
0.506159	3.59179
1.42797	3.20645
2.38112	3.51452
3.273	3.08613
4.2195	3.39626
5.42991	3.57673
6.42659	3.48887
7.4274	3.43401
8.66338	3.19731
9.42582	3.84208
1.15367	4.35309
2.08966	3.97736
3.06579	4.2635
4.07764	4.39758
4.98782	4.47438
5.98251	4.41028
6.97545	4.3226
7.97479	4.29919
8.48549	4.18198
10.1629	4.52579
0.314429	4.90281
2.50496	4.89194
3.46382	5.17923
3.48715	5.18783
4.48967	5.33832
5.5002	5.33681
6.49013	5.27185
7.49123	5.17387
8.49257	5.18251
9.47504	5.45229
9.47163	7.56059
2.73976	5.86798
3.69976	6.15032
4.05304	6.01459
5.03482	6.21083
6.06068	6.18136
7.07404	6.07655
8.08829	6.11252
8.76128	6.14925
10.3404	5.98487
0.999712	6.75737
1.99465	6.67595
2.97877	6.84231
3.965	7.01202
4.73223	7.18236
5.71403	7.1205
6.68807	6.98714
7.67576	6.87201
8.66524	6.94922
9.61867	6.66986
1.50627	7.64093
2.34012	7.61491
3.32588	7.78058
4.1519	7.99622
5.29867	8.02986
6.29083	7.90485
7.29425	7.79541
8.29433	7.88231
