0.025509	-0.187399
1.03253	-0.122563
2.00924	0.249633
3.00621	0.327434
3.94924	-0.00623081
4.92373	0.230934
5.97315	0.0643943
6.75116	0.055025
8.01556	-0.0112141
9.01138	-0.21671
0.493386	0.7112
1.49562	0.800517
2.43964	1.15227
3.38544	0.820949
4.3596	1.0581
5.60588	0.9958
6.35643	0.33499
7.10138	1.00211
8.69216	0.732493
9.49655	0.652429
0.255472	1.68249
0.91215	1.62538
2.24307	1.5053
3.20511	1.80496
4.14572	1.4685
5.11104	1.72162
6.25561	1.78913
7.4514	1.94927
8.4195	2.20302
9.20556	1.59792
0.644961	2.60352
1.54308	2.20583
2.48897	2.49937
4.02622	2.39905
4.98916	2.71529
10.5716	7.59952
6.90534	2.58246
7.73405	2.91821
8.71504	3.16063
9.67531	2.86568
0.546423	3.59185
1.46796	3.20622
2.42134	3.51618
3.30496	3.07668
4.24971	3.38952
5.49154	3.5808
6.48702	3.48805
7.48743	3.42809
8.69145	3.20299
9.45908	3.84184
1.19432	4.35213
2.13283	3.97892
3.11175	4.26561
4.12797	4.39624
5.05425	4.47995
6.04803	4.41277
7.03971	4.31843
8.03871	4.29745
8.52138	4.18894
10.2011	4.52316
0.364372	4.91482
2.58409	4.87803
3.54368	5.16493
3.54529	5.18943
4.55008	5.33869
5.56345	5.34492
6.55158	5.27764
7.55236	5.1705
8.55334	5.1889
9.53425	5.47725
9.56456	7.56315
2.82108	5.85474
3.78199	6.13511
4.11432	6.0169
5.0971	6.21556
6.12821	6.19073
7.14421	6.07614
8.16124	6.12752
8.80752	6.15999
10.4196	5.98339
1.08965	6.7508
2.08236	6.64552
3.06339	6.82913
4.04684	7.01761
4.82405	7.19787
5.80293	7.13801
6.77154	6.99008
7.75666	6.86349
8.74297	6.96594
9.6831	6.65027
1.6101	7.6302
2.411	7.59058
3.39343	7.77377
4.23507	8.00358
5.39173	8.04909
6.38218	7.91117
7.38918	7.79325
8.3877	7.90536
