0.0299253	-0.19612
1.03914	-0.132672
2.02139	0.258359
3.01808	0.339663
3.95126	-0.0200357
4.91867	0.25192
5.97747	0.0677201
6.72333	0.0646815
8.0174	0.00286228
9.0124	-0.216565
0.505564	0.702321
1.51018	0.793565
2.44911	1.16227
3.38726	0.807964
4.35339	1.0785
5.62271	1.0045
6.36226	0.331398
7.10296	1.00323
8.70599	0.737167
9.50828	0.645978
0.299639	1.68089
0.924246	1.61788
2.26632	1.49892
3.23116	1.79652
4.16283	1.4363
5.11594	1.73025
6.28978	1.79107
7.48244	1.94184
8.45037	2.19871
9.23527	1.59463
0.682734	2.6046
1.57652	2.20646
2.52126	2.49666
4.05674	2.38967
5.04149	2.72875
10.6752	7.59642
6.95685	2.57765
7.76687	2.91264
8.74983	3.15606
9.71135	2.86283
0.588386	3.5908
1.51095	3.20804
2.46519	3.51881
3.34053	3.06918
4.28412	3.38288
5.55882	3.58561
6.55278	3.48883
7.55235	3.42159
8.72118	3.208
9.49544	3.83903
1.23782	4.3489
2.18047	3.98192
3.16267	4.2684
4.18376	4.39515
5.12753	4.48638
6.12035	4.41574
7.11078	4.31473
8.1093	4.2947
8.56127	4.19557
10.2418	4.51926
0.419392	4.92677
2.66595	4.86524
3.62695	5.15025
3.61003	5.19175
4.61737	5.33947
5.63414	5.35346
6.62134	5.28347
7.62161	5.16685
8.62216	5.19411
9.60067	5.50423
9.66563	7.56778
2.90716	5.84238
3.86959	6.11893
4.18324	6.01996
5.16746	6.2205
6.20444	6.20031
7.22331	6.07568
8.24335	6.14198
8.85868	6.16982
10.5064	5.98218
1.18736	6.74478
2.17727	6.61568
3.15494	6.81643
4.13534	7.02388
4.92651	7.21316
5.90225	7.15582
6.8648	6.99299
7.84703	6.85463
8.82952	6.98313
9.75256	6.62641
1.72339	7.61916
2.48904	7.56651
3.46777	7.76719
4.33033	8.0111
5.49532	8.06859
6.48386	7.91759
7.49454	7.7912
8.49108	7.92883
