0.0342134	-0.2046
1.04587	-0.142873
2.03681	0.265452
3.03313	0.351272
3.95571	-0.0341
4.91547	0.271983
5.9825	0.0709533
6.69661	0.0739597
8.01856	0.0171041
9.01296	-0.215348
0.518796	0.693635
1.52637	0.786573
2.46097	1.17104
3.39123	0.794489
4.34865	1.09783
5.64077	1.01318
6.36835	0.32716
7.10435	1.00414
8.71862	0.742509
9.52083	0.639799
0.348558	1.67904
0.938144	1.6105
2.29127	1.49337
3.25945	1.7869
4.18149	1.40291
5.11836	1.7427
6.32574	1.79318
7.51198	1.93436
8.48052	2.19214
9.26538	1.59088
0.724395	2.60573
1.61442	2.20984
2.55817	2.49484
4.08894	2.3806
5.09859	2.744
10.7887	7.59426
7.01071	2.57319
7.80137	2.90652
8.78738	3.14839
9.75058	2.85787
0.632285	3.58904
1.55716	3.21237
2.51295	3.52276
3.3799	3.06379
4.32291	3.37644
5.63234	3.59101
6.62448	3.49117
7.62258	3.41417
8.75256	3.21222
9.53447	3.83396
1.28411	4.34403
2.23257	3.98716
3.21871	4.27232
4.24526	4.39436
5.20834	4.49353
6.20019	4.41897
7.18941	4.31132
8.18735	4.29034
8.6046	4.20158
10.2847	4.51428
0.479861	4.93963
2.75071	4.85457
3.71401	5.13552
3.68201	5.19505
4.69228	5.34055
5.71309	5.36212
6.70062	5.28892
7.70017	5.16254
8.7003	5.19732
9.67487	5.53422
9.77614	7.57398
2.99889	5.83174
3.96366	6.1019
4.26082	6.02377
5.24697	6.2254
6.29052	6.2096
7.31255	6.07483
8.33591	6.1551
8.91385	6.17797
10.6019	5.98151
1.29415	6.73934
2.2809	6.58772
3.25509	6.80487
4.23234	7.03094
5.04076	7.22777
6.01311	7.17331
6.96899	6.99545
7.94802	6.84519
8.92613	7.00015
9.82643	6.59548
1.84711	7.60807
2.57635	7.54381
3.55113	7.76133
4.43942	8.01884
5.61079	8.08775
6.59726	7.92379
7.61139	7.78898
8.60566	7.95196
