-0.00597798	-0.0023797
0.994019	-0.000489974
2.00167	0.0015971
3.00161	0.0123203
4.00151	-0.00174937
5.00149	0.0047197
5.99937	0.00118434
7.00059	-0.00139738
7.99823	-0.00330499
8.99402	-0.0042624
0.492386	0.864589
1.49238	0.866477
2.49236	0.872932
3.49226	0.858867
4.49224	0.865337
5.5035	0.869583
6.48257	0.666063
7.45762	0.888058
8.49696	0.863453
9.49239	0.8627
0.000665471	1.73534
0.990753	1.73156
2.0045	1.72539
3.00449	1.73184
4.00439	1.71778
5.00437	1.72425
6.01245	1.73038
6.99615	1.77522
7.99614	1.77031
8.99534	1.73042
0.499035	2.60231
1.49894	2.58818
2.49892	2.59462
3.51667	2.59071
4.51968	2.59894
9.52432	7.79091
6.50911	2.59833
7.5004	2.63878
8.50039	2.63387
9.49919	2.58474
0.0113177	3.47531
1.01122	3.46118
2.0112	3.46762
3.0111	3.4535
4.01108	3.45994
5.01199	3.46936
6.01198	3.46601
7.01198	3.4627
8.04236	3.47919
9.04234	3.47428
0.525775	4.33282
1.52568	4.3187
2.52566	4.32512
3.52562	4.3342
4.51487	4.33704
5.51486	4.33371
6.51485	4.33037
7.51484	4.32706
8.5466	4.34275
9.52591	4.34959
0.0176661	5.19411
1.03705	5.1912
2.03702	5.1976
3.01779	5.19565
4.01775	5.20472
5.01774	5.2014
6.01772	5.19808
7.01771	5.19474
8.0177	5.19144
9.01768	5.19868
8.52432	7.78903
1.53149	6.06041
2.53147	6.06681
3.52066	6.06001
4.52062	6.06908
5.52061	6.06577
6.52061	6.06243
7.5206	6.05913
8.51142	6.06106
9.52975	6.05762
0.0259531	6.92583
1.02594	6.93016
2.02594	6.92961
3.02594	6.92906
4.02352	6.93677
5.02351	6.93347
6.02351	6.93013
7.0235	6.92678
8.02349	6.92349
9.02349	6.92001
0.524322	7.79279
1.52642	7.79591
2.52642	7.79536
3.51804	7.7996
4.52638	7.80114
5.52637	7.7978
6.52641	7.79448
7.52641	7.7912
