0.0380133	-0.210833
1.05211	-0.150116
2.05584	0.271199
3.05162	0.362945
3.96389	-0.0456058
4.91668	0.290411
5.99016	0.0735486
6.67462	0.0815132
8.0198	0.0302621
9.01277	-0.212724
0.531582	0.687829
1.54256	0.783094
2.47506	1.17908
3.39789	0.782702
4.34719	1.11489
5.66243	1.02142
6.37659	0.321447
7.1067	1.00478
8.72945	0.748786
9.53269	0.634981
0.404299	1.6797
0.951619	1.60649
2.31663	1.49169
3.28891	1.77806
4.2013	1.37168
5.11722	1.76157
6.36538	1.79549
7.53869	1.92808
8.50856	2.18452
9.29418	1.58764
0.769484	2.61063
1.65636	2.21968
2.59947	2.49655
4.12197	2.37349
5.1606	2.76243
10.9143	7.59423
7.06832	2.56955
7.83624	2.90109
8.82634	3.13873
9.79222	2.85343
0.678217	3.59063
1.60632	3.22293
2.56458	3.53066
3.42301	3.06296
4.36633	3.37152
5.71419	3.597
6.70421	3.49573
7.69997	3.40574
8.78463	3.2159
9.57367	3.8289
1.33062	4.34405
2.28676	4.00038
3.27873	4.28089
4.31183	4.39507
5.29883	4.50134
6.28989	4.42231
7.27825	4.30855
8.27557	4.28346
8.64791	4.20679
10.3269	4.51111
0.469325	4.85214
2.83861	4.8502
3.80562	5.12316
3.76259	5.2016
4.77675	5.34202
5.80247	5.37057
6.79327	5.29307
7.79211	5.15726
8.79218	5.19657
9.76317	5.56019
9.89856	7.58113
3.0983	5.82642
4.06661	6.08592
4.34973	6.02952
5.3385	6.23016
6.38956	6.21754
7.41522	6.07296
8.44235	6.16453
8.98249	6.18102
10.7088	5.98241
1.41261	6.73588
2.39648	6.56633
3.36749	6.79746
4.34194	7.03994
5.16961	7.2415
6.13832	7.18917
7.08705	6.99663
8.06279	6.83477
9.0365	7.01435
9.91039	6.56108
1.9826	7.59931
2.67787	7.52669
3.64895	7.75868
4.56628	8.02771
5.74194	8.10577
6.72625	7.92927
7.7425	7.78595
8.7347	7.97201
