0.0401807	-0.215787
1.05656	-0.154993
2.07613	0.275386
3.07132	0.373316
3.97411	-0.0553532
4.92124	0.305871
5.99987	0.073848
6.65789	0.0852706
8.02033	0.0398764
9.01065	-0.210525
0.542314	0.684324
1.55709	0.782797
2.48998	1.18573
3.40588	0.771961
4.34816	1.12854
5.68714	1.02758
6.38683	0.313132
7.1102	1.0036
8.73727	0.754182
9.54215	0.630068
0.468947	1.68163
0.962957	1.60564
2.34115	1.4932
3.31824	1.76948
4.2211	1.34183
5.10928	1.78836
6.40811	1.79647
7.56244	1.92196
8.53405	2.17574
9.32009	1.58341
0.816901	2.61915
1.70102	2.23506
2.64376	2.50098
4.155	2.36725
5.22653	2.78363
11.0528	7.59492
7.12908	2.56537
7.87047	2.89555
8.86556	3.12706
9.83521	2.84953
0.726515	3.59581
1.65804	3.23881
2.61949	3.54172
3.46886	3.06522
4.41316	3.36714
5.80405	3.60231
6.79169	3.50101
7.78399	3.39463
8.81617	3.21898
9.6118	3.82378
1.37638	4.35056
2.34183	4.02159
3.34196	4.29333
4.38278	4.39631
5.39873	4.50857
6.38925	4.42439
7.37709	4.30479
8.37376	4.27201
8.68996	4.21118
10.367	4.50949
0.473202	4.77981
2.92899	4.85166
3.90126	5.11189
3.8513	5.21033
4.8704	5.34268
5.90203	5.37746
6.89953	5.29425
7.89772	5.1492
8.89831	5.1894
9.86778	5.57571
10.0337	7.58677
3.20556	5.82563
4.17867	6.06931
4.45001	6.03573
5.44206	6.23353
6.50173	6.22246
7.53156	6.06837
8.56307	6.16768
9.06921	6.17578
10.828	5.983
1.54335	6.73297
2.52493	6.55067
3.49318	6.79303
4.4654	7.04928
5.31328	7.25292
6.27809	7.20167
7.21929	6.99481
8.19176	6.82168
9.16172	7.02258
10.0078	6.52416
2.12999	7.59198
2.79485	7.51437
3.7627	7.75803
4.71078	8.03617
5.88933	8.12102
6.87136	7.93233
7.88825	7.78036
8.87906	7.98583
