0.0313359	-0.192454
1.04694	-0.118668
2.09765	0.264271
3.0924	0.366655
4.00445	-0.0428998
4.96138	0.296647
6.07509	0.0167404
6.77076	0.0117918
8.05241	-0.00795056
8.99331	-0.203015
0.528545	0.717961
1.54716	0.826601
2.50675	1.17676
3.43452	0.784103
4.38754	1.12098
5.76715	0.975437
6.46117	0.255485
7.17052	0.96034
8.71994	0.760966
9.52599	0.637324
0.563236	1.71736
0.945348	1.64768
2.34089	1.53409
3.32571	1.77943
4.23631	1.36984
5.1239	1.81305
6.49277	1.74343
7.57021	1.90891
8.53807	2.17311
9.31953	1.58539
0.850548	2.67521
1.73414	2.30085
2.6812	2.53696
4.16689	2.37661
5.28607	2.8036
11.2126	7.61867
7.2184	2.51143
7.87892	2.88889
8.87753	3.12202
9.85987	2.87967
0.766377	3.65254
1.69714	3.3043
2.66637	3.58295
3.50841	3.09857
4.46033	3.37088
5.91002	3.5894
6.89369	3.45186
7.88479	3.33461
8.82947	3.2052
9.60071	3.84498
1.37596	4.4422
2.35811	4.11655
3.3851	4.34432
4.44079	4.40419
5.51807	4.50168
6.50657	4.40463
7.48877	4.24913
8.48479	4.20823
8.66181	4.19028
10.3535	4.53998
0.611427	5.10195
3.01061	4.89897
3.99312	5.12486
3.95472	5.23819
4.9866	5.33308
6.02974	5.36626
7.02637	5.26984
8.01657	5.08943
9.01589	5.12479
9.84681	5.7616
10.1957	7.5758
3.32384	5.86259
4.30582	6.07068
4.5871	6.04102
5.58447	6.21964
6.65529	6.20721
7.68745	6.02299
8.7194	6.11131
8.88015	6.10874
10.8083	6.21025
1.6903	6.76188
2.6748	6.59525
3.64778	6.81862
4.62559	7.05523
5.51805	7.24498
6.48503	7.19788
7.41945	6.95566
8.39526	6.74697
9.39143	6.9073
9.85045	6.01017
2.29011	7.6189
2.96392	7.55323
3.93667	7.77773
4.91813	8.03065
6.09162	8.11484
7.0663	7.89122
8.12491	7.71829
9.12679	7.88339
