0.036473	-0.202428
1.0551	-0.136893
2.11562	0.276352
3.11082	0.374299
4.00915	-0.0642402
4.95639	0.317574
6.07408	0.0262249
6.7498	0.0244349
8.04781	0.00426754
8.99287	-0.198937
0.550649	0.705464
1.57518	0.810958
2.52897	1.18692
3.44413	0.766242
4.38376	1.1437
5.78161	0.990886
6.468	0.263655
7.1793	0.966549
8.72681	0.766937
9.54538	0.629602
0.668147	1.69855
0.975511	1.63461
2.38187	1.5219
3.37067	1.76462
4.2661	1.31956
5.09133	1.86796
6.53151	1.75205
7.60873	1.90869
8.57887	2.16969
9.35146	1.57605
0.914321	2.66779
1.79371	2.29856
2.73774	2.53093
4.21794	2.36414
5.36743	2.83329
11.3789	7.6198
7.2814	2.51322
7.93155	2.88956
8.93701	3.11397
9.92084	2.86875
0.835195	3.64029
1.76929	3.30226
2.73975	3.58552
3.56828	3.08801
4.51805	3.3642
6.0115	3.60338
6.99154	3.46428
7.97739	3.32782
8.87816	3.21862
9.66825	3.83561
1.45831	4.41739
2.44809	4.10927
3.47762	4.34154
4.53938	4.40409
5.63305	4.51756
6.61968	4.41499
7.59963	4.25059
8.59386	4.20302
8.7398	4.20818
10.4313	4.52693
0.712467	5.09318
3.11585	4.88636
4.1028	5.10427
4.06156	5.2393
5.09606	5.34023
6.14619	5.38144
7.14557	5.28082
8.13253	5.08753
9.131	5.12772
9.96649	5.76882
10.3585	7.58457
3.44345	5.84942
4.42915	6.04437
4.70293	6.04429
5.70329	6.22991
6.78427	6.22211
7.8207	6.0268
8.8568	6.12483
9.00168	6.11331
10.9314	6.22358
1.83488	6.7544
2.81515	6.56196
3.78456	6.80259
4.75928	7.06247
5.68481	7.25922
6.64725	7.21904
7.57185	6.96185
8.54352	6.74249
9.53911	6.9208
9.97407	6.01232
2.46208	7.60136
3.08677	7.52488
4.05419	7.76809
5.08032	8.03586
6.25833	8.13675
7.23032	7.90173
8.29129	7.72181
9.29357	7.90185
