0.0431896	-0.211324
1.06452	-0.155565
2.13285	0.290938
3.12905	0.378089
4.01442	-0.0854684
4.95209	0.336535
6.07303	0.0353125
6.72963	0.0367702
8.04186	0.0159292
8.99364	-0.193855
0.576379	0.694183
1.60819	0.794012
2.55648	1.19677
3.45972	0.751461
4.38396	1.1673
5.79737	1.00608
6.47547	0.271112
7.18768	0.97308
8.73196	0.772912
9.56767	0.622105
0.779845	1.67563
1.01218	1.62049
2.42787	1.50985
3.42051	1.75052
4.30157	1.27303
5.016	1.96006
6.57228	1.7616
7.64569	1.90941
8.61895	2.16437
9.38227	1.56547
0.983932	2.65694
1.86014	2.29668
2.80049	2.52582
4.27431	2.35248
5.45384	2.86498
11.5642	7.62268
7.34719	2.51712
7.98708	2.89034
9.00098	3.10193
9.98695	2.85391
0.909034	3.62392
1.84778	3.3001
2.81987	3.5892
3.63442	3.07865
4.58241	3.35848
6.12136	3.61678
7.09797	3.47942
8.07704	3.32047
8.92874	3.2343
9.74112	3.82224
1.54712	4.38667
2.5459	4.10207
3.57793	4.3399
4.64638	4.40389
5.75944	4.53354
6.74379	4.42428
7.72166	4.25262
8.71389	4.19585
8.82682	4.22829
10.5153	4.50963
0.824141	5.08104
3.22766	4.87656
4.22003	5.08355
4.17926	5.24107
5.21708	5.34702
6.27534	5.39578
7.27916	5.29013
8.26246	5.08455
9.26001	5.12883
10.1008	5.77499
10.5398	7.59377
3.57393	5.83855
4.56407	6.01608
4.83259	6.04661
5.8362	6.2393
6.9284	6.23547
7.96953	6.02947
9.0104	6.13711
9.13806	6.11619
11.071	6.23384
1.99425	6.74744
2.97068	6.53406
3.93735	6.78768
4.90991	7.0685
5.86955	7.27044
6.82685	7.23793
7.74079	6.96652
8.70824	6.73725
9.70375	6.93379
10.1131	6.01436
2.65055	7.58374
3.22859	7.50052
4.19105	7.75856
5.26281	8.03888
6.44332	8.15644
7.41279	7.9112
8.47457	7.7248
9.47765	7.9192
