0.0498614	-0.218379
1.07318	-0.170272
2.14734	0.304533
3.14506	0.37197
4.02089	-0.104385
4.95366	0.344886
6.07341	0.0359493
6.71132	0.0400601
8.03113	0.0195099
8.99359	-0.19142
0.601393	0.687496
1.64151	0.782529
2.59264	1.19991
3.50315	0.757361
4.41743	1.19842
5.8177	1.01344
6.4846	0.268292
7.19377	0.973328
8.72882	0.774
9.58848	0.613373
0.825563	1.66919
1.04801	1.61142
2.47054	1.50743
3.46405	1.75251
4.34789	1.28062
5.00087	2.03056
6.61501	1.76696
7.67617	1.90661
8.65199	2.15819
9.40226	1.55099
1.04994	2.65084
1.92237	2.30179
2.85688	2.53299
4.32939	2.34707
5.5345	2.88892
11.7715	7.62559
7.41232	2.52047
8.03564	2.88869
9.05843	3.08835
10.0482	2.8409
0.983312	3.61302
1.92587	3.30446
2.89918	3.60316
3.69884	3.07613
4.64785	3.35627
6.23294	3.62003
7.2088	3.49464
8.17986	3.30792
8.96975	3.25444
9.8056	3.80971
1.62979	4.36711
2.63984	4.10716
3.67741	4.34719
4.75415	4.40482
5.89497	4.54289
6.87635	4.42225
7.85372	4.2507
8.84442	4.17853
8.90814	4.25176
10.5911	4.49364
1.09505	5.21214
3.34376	4.87397
4.34351	5.06322
4.30545	5.24672
5.349	5.34944
6.41687	5.40144
7.42932	5.28686
8.40976	5.07288
9.40703	5.11764
10.2603	5.76281
10.7421	7.59694
3.71711	5.83269
4.71279	5.9846
4.97852	6.04579
5.986	6.24152
7.09025	6.23729
8.13639	6.0219
9.18332	6.13779
9.30062	6.1071
11.2364	6.23
2.17282	6.74042
3.14663	6.51575
4.11178	6.77477
5.08414	7.06974
6.0753	7.27175
7.02633	7.24437
7.92871	6.96024
8.89212	6.72275
9.88895	6.93639
10.2777	6.00866
2.85765	7.56823
3.39769	7.48406
4.35692	7.74912
5.47173	8.03489
6.65288	8.16536
7.6201	7.91143
8.67626	7.71871
9.68057	7.92527
