0.0579368	-0.223882
1.08246	-0.180867
2.15729	0.324545
3.15657	0.362387
4.02666	-0.118212
4.95941	0.348381
6.07413	0.0338049
6.69681	0.0390686
8.01466	0.0156031
8.99427	-0.191585
0.626822	0.685338
1.67554	0.777364
2.63387	1.20368
3.55889	0.77379
4.46859	1.23065
5.84211	1.01847
6.4965	0.262326
7.20098	0.972051
8.71693	0.769615
9.60938	0.603392
0.872243	1.66842
1.08352	1.60851
2.51339	1.51334
3.50736	1.7634
4.39989	1.31108
5.04892	2.06948
6.66196	1.77188
7.70512	1.90505
8.68293	2.15632
9.41062	1.53183
1.11776	2.65148
1.98711	2.31583
2.91548	2.54923
4.3863	2.34707
5.61961	2.91275
12.004	7.6281
7.48182	2.52528
8.08235	2.8897
9.1147	3.07777
10.11	2.83352
1.06406	3.6105
2.00864	3.31682
2.98334	3.62527
3.76741	3.08099
4.71965	3.35778
6.35255	3.62095
7.32865	3.51114
8.28983	3.29328
9.00517	3.28593
9.86715	3.80184
1.7117	4.36322
2.73487	4.1255
3.78135	4.36281
4.86784	4.40844
6.04295	4.5511
7.02091	4.41669
7.99837	4.24737
8.98729	4.15517
8.99127	4.28517
10.6644	4.4822
1.34575	5.29386
3.46667	4.88076
4.47522	5.04475
4.44316	5.25687
5.49385	5.35154
6.57272	5.40448
7.5975	5.27811
8.57524	5.0566
9.57332	5.0976
10.4476	5.73364
10.9685	7.59456
3.87564	5.83323
4.87724	5.95082
5.14119	6.04508
6.15312	6.24198
7.27064	6.2339
8.32272	6.00962
9.37698	6.13002
9.49228	6.08919
11.4298	6.21406
2.37427	6.73317
3.34643	6.50489
4.31053	6.76435
5.28412	7.06914
6.30209	7.26856
7.24607	7.24433
8.13628	6.94869
9.09616	6.70502
10.0968	6.93061
10.4701	5.99684
3.08707	7.55476
3.59493	7.4743
4.55208	7.74109
5.70549	8.02873
6.88707	8.16919
7.85222	7.90749
8.89664	7.70938
9.90289	7.92185
