0.0714614	-0.232021
1.09677	-0.194582
2.16141	0.356683
3.16138	0.349438
4.02877	-0.130115
4.96404	0.351425
6.06942	0.0349648
6.6848	0.0398697
7.98333	0.00260502
8.99979	-0.193612
0.660139	0.681304
1.71718	0.771056
2.68241	1.21024
3.62252	0.79347
4.52879	1.26421
5.86594	1.02677
6.51074	0.262419
7.21211	0.975215
8.68602	0.755492
9.63887	0.590176
0.927012	1.66636
1.12673	1.60482
2.56396	1.52064
3.55854	1.77665
4.45992	1.34555
5.1174	2.10257
6.71145	1.78025
7.73939	1.91057
8.71876	2.16606
9.39696	1.50035
1.19395	2.6514
2.06147	2.33172
2.9836	2.56791
4.45194	2.34891
5.71595	2.93713
12.2641	7.62906
7.55696	2.53372
8.13518	2.90025
9.17818	3.07555
10.18	2.83222
1.156	3.60774
2.1022	3.32991
3.07861	3.64954
3.84636	3.08831
4.80309	3.36076
6.48251	3.62342
7.45899	3.53029
8.40815	3.27956
9.04501	3.33175
9.93665	3.80002
1.80654	4.35809
2.84317	4.14379
3.89853	4.37961
4.99505	4.41289
6.20493	4.56097
7.17851	4.41189
8.15566	4.24476
9.14196	4.13064
9.08869	4.33047
10.7504	4.47131
1.58219	5.3326
3.60246	4.88913
4.6197	5.02492
4.5955	5.26767
5.65336	5.35507
6.74415	5.40823
7.78181	5.26933
8.75606	5.03961
9.75537	5.07542
10.6528	5.70168
11.2212	7.58932
4.05093	5.83385
5.05741	5.91293
5.32043	6.04358
6.33693	6.24341
7.46847	6.23033
8.52757	5.99748
9.58988	6.12006
9.70281	6.06892
11.6418	6.19628
2.59675	6.72353
3.56744	6.49439
4.53068	6.75156
5.50633	7.06571
6.54882	7.26309
7.48479	7.24278
8.36183	6.93654
9.31918	6.6906
10.3279	6.91992
10.6816	5.9789
3.34154	7.53786
3.81552	7.4646
4.7707	7.73068
5.9606	8.0202
7.143	8.17183
8.10628	7.90334
9.13112	7.70341
10.1389	7.90997
