0.00112821	-0.0557172
1.03069	-0.0730526
2.16723	0.422067
3.1653	0.359929
4.0282	-0.126656
4.97491	0.353889
6.03942	0.0310399
6.66315	0.00103495
8.17164	-0.724245
8.93442	-0.0419833
0.63459	0.820081
1.72536	0.860564
2.73601	1.24456
3.68463	0.822065
4.59504	1.29246
5.89792	1.03388
6.53708	0.26482
7.37915	0.804192
7.98024	0.257266
9.57837	0.796157
1.00382	1.76947
1.16267	1.70343
2.63303	1.57243
3.63656	1.79664
4.53605	1.36637
5.21361	2.11448
6.77335	1.78413
8.09514	1.60736
9.08652	1.91385
8.60756	1.03602
1.37311	2.71883
2.22025	2.41763
3.12786	2.61831
4.54531	2.36687
5.85601	2.92989
12.5055	7.78629
7.64878	2.53437
8.41406	2.6055
9.3954	2.90503
10.3761	2.72645
1.31732	3.657
2.26557	3.41224
3.24013	3.70739
3.99098	3.13773
4.9521	3.3738
6.63021	3.6245
7.60691	3.53912
8.54336	3.25625
9.17735	3.28072
10.1059	3.68985
1.92641	4.4331
2.98416	4.24454
4.06075	4.43647
5.1618	4.43521
6.38905	4.57176
7.35649	4.40233
8.33154	4.23043
9.31518	4.09546
9.30296	4.27963
10.8453	4.46611
1.81938	5.42735
3.7402	4.99486
4.75858	5.1079
4.7911	5.30529
5.84976	5.3711
6.94459	5.41006
7.99045	5.25216
8.95618	5.00938
9.95368	5.04674
10.8559	5.69515
11.461	7.68104
4.21204	5.93104
5.22075	5.98287
5.53007	6.07744
6.55561	6.25257
7.69419	6.21569
8.76468	5.97328
9.83568	6.10405
9.90524	6.04269
11.8164	6.26805
2.75751	6.85279
3.73639	6.63734
4.71911	6.8362
5.71553	7.10441
6.80941	7.26961
7.73799	7.23008
8.60013	6.90308
9.56959	6.67885
10.6054	6.89278
10.8872	5.92793
3.50904	7.68402
4.04339	7.58793
5.01108	7.80158
6.237	8.03398
7.43308	8.17218
8.38965	7.88068
9.33368	7.68845
10.3299	7.83123
