0.00894415	-0.0479428
1.0385	-0.0775148
2.15831	0.485157
3.14791	0.341313
4.01663	-0.132426
4.97434	0.355979
6.03623	0.0295442
6.65488	0.00137668
8.13776	-0.725493
8.9349	-0.0325411
0.668104	0.827074
1.77207	0.86094
2.79722	1.25443
3.76253	0.845275
4.67326	1.32499
5.92591	1.03785
6.55577	0.261143
7.39604	0.803299
7.97922	0.261859
9.60121	0.802126
1.07488	1.76988
1.21315	1.70617
2.69865	1.58335
3.70413	1.81144
4.61258	1.40344
5.30943	2.14156
6.83311	1.78946
8.1372	1.60523
9.14334	1.88025
8.62622	1.02435
1.48171	2.71267
2.32721	2.43865
3.22434	2.64154
4.62962	2.37199
5.97815	2.95133
12.8184	7.79912
7.74032	2.54108
8.5066	2.59873
9.50035	2.86123
10.4835	2.68748
1.4428	3.64591
2.39126	3.42659
3.36565	3.73684
4.09775	3.15144
5.06367	3.37944
6.78156	3.63274
7.75814	3.55271
8.67969	3.23968
9.25753	3.30087
10.2146	3.65099
2.05051	4.42225
3.12465	4.26486
4.21126	4.45591
5.322	4.44261
6.5811	4.58775
7.54001	4.40096
8.51085	4.22206
9.48992	4.06829
9.45759	4.29376
10.9572	4.43759
2.05576	5.42223
3.90544	5.01118
4.93061	5.09694
4.97739	5.31821
6.0426	5.38068
7.15103	5.41865
8.20151	5.24768
9.15863	4.98836
10.1571	5.02408
11.086	5.66636
11.7651	7.68066
4.41826	5.93944
5.42912	5.9505
5.74579	6.07652
6.77629	6.25907
7.92986	6.21761
9.00594	5.96027
10.087	6.09463
10.1411	6.02159
12.0554	6.25668
3.01033	6.85479
3.98933	6.64431
4.97383	6.82837
5.97704	7.09968
7.1016	7.26194
8.02219	7.23067
8.87012	6.89282
9.83499	6.66007
10.8791	6.88443
11.126	5.9112
3.80084	7.68021
4.30699	7.59188
5.27403	7.7941
6.53597	8.021
7.7356	8.17516
8.68995	7.87645
9.62321	7.6815
10.6207	7.82262
