-0.00823087	-0.00390356
0.991765	-0.00129254
2.00227	0.00200203
3.00217	0.0167468
4.00197	-0.00301972
5.00193	0.0062484
5.99962	0.00156883
7.00075	-0.00237731
7.99694	-0.00476039
8.99177	-0.0065048
0.489509	0.863425
1.4895	0.866033
2.48946	0.875302
3.48926	0.855542
4.48922	0.864813
5.50484	0.870588
6.47534	0.629491
7.43904	0.896459
8.49588	0.861881
9.48952	0.860815
0.00097188	1.73597
0.987251	1.73075
2.00651	1.72202
3.00647	1.73127
4.00627	1.71152
5.00623	1.72079
6.01316	1.73176
6.99526	1.7926
7.99524	1.78561
8.99364	1.7292
0.498717	2.60329
1.49852	2.58338
2.49848	2.59263
3.52361	2.58717
4.52765	2.59884
9.53421	7.78903
6.51272	2.59804
7.50131	2.65511
8.50129	2.64811
9.49898	2.58016
0.0160545	3.47909
1.01586	3.45919
2.01581	3.46843
3.01562	3.44853
4.01558	3.45778
5.01676	3.47106
6.01675	3.46638
7.01674	3.46173
8.05901	3.48515
9.05898	3.47816
0.536396	4.33305
1.5362	4.31315
2.53617	4.32238
3.53608	4.33533
4.5208	4.33941
5.52079	4.33475
6.52077	4.33007
7.52076	4.32543
8.56505	4.34766
9.53667	4.35669
0.0246876	5.19221
1.05243	5.18835
2.05239	5.19756
3.02492	5.1948
4.02484	5.20775
5.02483	5.2031
6.02479	5.19845
7.02478	5.19377
8.02476	5.18914
9.02471	5.19929
8.53422	7.78643
1.54444	6.05895
2.5444	6.06815
3.52895	6.05849
4.52886	6.07144
5.52885	6.0668
6.52884	6.06212
7.52883	6.0575
8.51595	6.0602
9.54163	6.05533
0.0364724	6.92431
1.03645	6.93026
2.03645	6.92953
3.03645	6.92881
4.03293	6.93979
5.03291	6.93516
6.0329	6.93048
7.03289	6.92579
8.03287	6.92119
9.03286	6.91623
0.53422	7.79163
1.53708	7.79592
2.53708	7.7952
3.52514	7.80127
4.53693	7.80349
5.53692	7.79881
6.53696	7.79416
7.53696	7.78956
