0.0185146	-0.0407735
1.04707	-0.0835166
2.14532	0.570709
3.1133	0.319684
3.99433	-0.132544
4.96877	0.358699
6.03073	0.0292728
6.65015	0.0030481
8.09866	-0.718442
8.93694	-0.0239863
0.706503	0.833486
1.82478	0.860438
2.86819	1.26169
3.85127	0.868483
4.76399	1.35536
5.95355	1.04238
6.5795	0.262521
7.42017	0.804067
7.98262	0.2748
9.62753	0.807231
1.15498	1.7676
1.27066	1.70831
2.77279	1.59468
3.78117	1.82555
4.6993	1.44195
5.41861	2.16712
6.89724	1.79559
8.19018	1.6051
9.21062	1.84752
8.65027	1.01927
1.60349	2.7017
2.44868	2.46014
3.33466	2.6654
4.72464	2.37762
6.11453	2.97219
13.1639	7.81086
7.84093	2.5488
8.61348	2.59309
9.61918	2.81498
10.6047	2.64213
1.58594	3.63011
2.53334	3.43908
3.50721	3.76706
4.21889	3.1662
5.19007	3.38574
6.94565	3.64438
7.92187	3.56517
8.82677	3.22338
9.35973	3.31658
10.3412	3.60663
2.19292	4.40674
3.28349	4.28299
4.3799	4.47568
5.50017	4.45029
6.7908	4.60649
7.73899	4.40179
8.70374	4.21257
9.6772	4.04106
9.63611	4.30008
11.0872	4.40384
2.30443	5.40051
4.08871	5.02806
5.11965	5.08646
5.18304	5.33129
6.25455	5.39256
7.37758	5.42909
8.42989	5.24539
9.37571	4.96703
10.3751	5.00152
11.333	5.63799
12.0999	7.67925
4.64434	5.94814
5.65507	5.91676
5.98267	6.07451
7.01834	6.26777
8.18752	6.22145
9.26868	5.94791
10.3608	6.08444
10.3945	5.99981
12.3134	6.24597
3.28497	6.85794
4.26452	6.65685
5.25124	6.81905
6.26333	7.09104
7.41769	7.25221
8.33006	7.23047
9.16444	6.88407
10.1241	6.64227
11.1785	6.87505
11.3832	5.89364
4.11969	7.67603
4.59851	7.59943
5.56483	7.78432
6.85858	8.0053
8.0646	8.17723
9.01725	7.87318
9.94088	7.67642
10.94	7.81271
