0.0301143	-0.0351645
1.05635	-0.091749
2.13671	0.681875
3.06054	0.29907
3.95966	-0.124035
4.9576	0.3634
6.0224	0.0308818
6.64862	0.0059904
8.05191	-0.700631
8.94092	-0.0171377
0.750624	0.83847
1.88432	0.857697
2.951	1.26234
3.95296	0.888683
4.8691	1.38082
5.98117	1.04821
6.60828	0.269283
7.45218	0.805782
7.99172	0.297554
9.65803	0.810606
1.24522	1.76134
1.33689	1.70887
2.85629	1.6054
3.86893	1.83656
4.79765	1.47993
5.54207	2.1896
6.96663	1.80333
8.25574	1.60558
9.2898	1.81542
8.6807	1.02233
1.73984	2.6842
2.58601	2.48081
3.46062	2.68801
4.83173	2.38239
6.2664	2.99138
13.5454	7.82026
7.95209	2.55845
8.73567	2.58737
9.75259	2.76589
10.7408	2.59092
1.74922	3.60775
2.69402	3.44819
3.66706	3.79645
4.35616	3.18028
5.33274	3.3919
7.12392	3.65938
8.09952	3.57714
8.98617	3.2086
9.48474	3.32764
10.4859	3.55687
2.35567	4.38524
3.46265	4.29807
4.5686	4.49539
5.69786	4.45782
7.02	4.62761
7.95501	4.40488
8.91177	4.20295
9.87861	4.01513
9.83888	4.29839
11.2372	4.36317
2.56744	5.36256
4.29206	5.04525
5.32751	5.07704
5.41029	5.34447
6.4876	5.4065
7.6259	5.44129
8.67737	5.24551
9.60929	4.94666
10.6098	4.98023
11.5989	5.61128
12.4682	7.67661
4.89219	5.95742
5.90009	5.88258
6.24218	6.07315
7.28367	6.27896
8.46881	6.22709
9.55438	5.9368
10.6586	6.07381
10.6672	5.97823
12.5924	6.23676
3.584	6.86296
4.56438	6.67606
5.55331	6.80876
6.57656	7.08002
7.75748	7.24206
8.66165	7.22911
9.48432	6.87758
10.4385	6.62633
11.5054	6.86499
11.6608	5.87656
4.46843	7.67146
4.92054	7.61125
5.88534	7.77292
7.20636	7.99028
8.42252	8.17884
9.37411	7.87149
10.2886	7.67381
11.2894	7.80168
