0.0432273	-0.032126
1.06547	-0.102623
2.14634	0.815478
2.99511	0.286715
3.91497	-0.103943
4.94296	0.371423
6.01187	0.0348722
6.64996	0.00993056
7.99404	-0.667546
8.9465	-0.0129338
0.80047	0.841335
1.95042	0.851275
3.04576	1.25256
4.06686	0.901153
4.9875	1.39722
6.01124	1.05591
6.64276	0.28055
7.49226	0.808133
8.008	0.332355
9.69259	0.811322
1.34596	1.75005
1.41295	1.70704
2.94915	1.61416
3.96786	1.84104
4.90749	1.51261
5.67912	2.20547
7.04377	1.81353
8.33455	1.60634
9.38157	1.78463
8.71823	1.03632
1.89146	2.65876
2.73958	2.49896
3.60341	2.70675
4.95167	2.38409
6.43417	3.00627
13.9653	7.82582
8.0763	2.57115
8.8735	2.58149
9.90059	2.7146
10.8921	2.53494
1.93514	3.57706
2.87546	3.45211
3.84755	3.82284
4.51083	3.19098
5.49264	3.39658
7.31762	3.67655
8.29271	3.58963
9.16001	3.19694
9.63269	3.33488
10.6487	3.50249
2.54096	4.35643
3.6642	4.30919
4.7795	4.5145
5.91665	4.46447
7.27059	4.64986
8.18977	4.40933
9.13689	4.19444
10.0963	3.99188
10.0663	4.28954
11.4096	4.31412
2.84647	5.30862
4.51755	5.06296
5.55607	5.06988
5.66196	5.35771
6.74417	5.42186
7.89786	5.45464
8.94587	5.24767
9.86183	4.92848
10.8636	4.96114
11.8861	5.58732
12.8723	7.67251
5.16402	5.96826
6.16597	5.84962
6.52606	6.07582
7.57477	6.29273
8.77565	6.234
9.86467	5.92737
10.9821	6.06292
10.9617	5.95752
12.8954	6.2299
3.91066	6.87067
4.89214	6.70353
5.8827	6.79888
6.91972	7.07021
8.12105	7.23415
9.01726	7.2261
9.83129	6.87392
10.7797	6.61291
11.8617	6.85451
11.9612	5.86143
4.84996	7.66674
5.27596	7.62835
6.2374	7.76162
7.58315	7.98198
8.81375	8.18067
9.76483	7.87171
10.6686	7.67409
11.6709	7.78985
