-0.793192	-1.58132
0.19732	-1.44384
3.17275	0.551622
2.61644	0.716687
3.34549	0.565384
4.56414	0.304189
5.8317	0.0249708
6.85351	-0.396901
7.89829	-0.548267
8.9468	-0.26407
10.8186	-0.0582532
28.526	16.0764
11.5428	-0.340461
13.3153	0.46815
14.3278	0.458723
15.3572	0.279543
16.4538	0.337411
17.4831	0.43201
18.4017	0.0127074
19.22	-0.581413
1.32427	0.273168
2.24007	0.912333
3.15589	1.55148
3.34824	1.44259
27.8239	16.7884
6.49353	0.776979
6.73411	0.672153
7.63077	0.249866
8.62462	0.139084
9.9625	0.434849
10.9546	0.962131
11.9596	0.787384
12.5007	-0.0535336
13.8897	1.32946
14.9099	1.2199
15.8898	1.14293
17.0131	1.30547
18.3282	1.01254
19.1619	0.662405
20.2185	0.0211116
0.672436	0.962953
1.84523	1.83108
3.15629	2.55148
4.08004	2.16848
27.2122	15.7371
6.17569	1.72512
7.15613	1.52831
7.68195	1.2595
8.51081	0.724771
9.13632	0.998248
10.8637	1.09224
11.7649	1.74962
12.7204	1.46921
14.3502	2.22923
14.8881	1.38619
26.6627	16.5726
17.6278	2.23452
18.6308	2.47464
19.1235	1.66167
19.7292	0.91282
0.463503	1.94088
2.18113	2.77298
25.7239	16.5853
5.0022	2.84128
24.8379	16.8788
7.05704	2.92881
7.81813	2.28017
8.6898	1.70862
10.0682	1.36096
10.8789	1.94648
12.2603	3.33272
12.7709	2.47291
13.3465	2.27426
15.0776	2.935
15.6037	2.08461
17.0811	3.07863
18.0573	3.23664
19.6564	2.54944
20.6704	2.79613
20.2081	1.84993
22.8034	17.0872
1.19201	2.62592
4.06249	4.19325
4.99962	3.84428
5.9345	3.49691
21.8242	16.8846
7.98659	3.29751
8.75587	2.69276
9.64864	2.26868
12.3655	3.2541
11.7157	2.49404
12.2263	1.63423
13.7769	3.19621
14.7909	3.41845
15.8049	3.64076
17.8549	3.72802
18.8742	3.92542
19.8411	3.55508
20.8472	3.81143
21.6388	3.24293
2.66053	3.0636
2.10982	2.2289
4.83327	4.83035
5.77171	4.48489
6.8602	4.15828
20.8377	16.7204
8.79084	3.93795
9.5562	3.27713
10.6076	2.80445
13.3627	3.32885
13.712	4.26587
14.6859	4.01085
14.6542	4.40906
16.4132	4.45101
16.828	3.82561
17.4391	4.633
19.5953	4.73721
20.5995	4.74511
21.5871	4.59707
22.3601	4.01742
3.56199	4.92072
20.5378	16.3894
5.39592	5.65705
6.33579	5.31553
6.81966	5.15332
7.77108	4.84376
9.27634	4.8283
9.27641	4.82827
11.5667	3.34021
12.5257	3.87598
13.4847	4.41173
14.4437	4.94748
15.4998	4.9428
16.4511	5.45671
17.3023	4.92721
18.2739	5.2037
19.1948	5.64494
20.2158	5.62944
21.525	5.12376
22.5718	5.0604
5.15267	6.95761
6.15096	7.01607
6.32335	6.03104
6.9	6.14608
7.8556	5.84453
8.69779	5.50332
9.76188	5.71864
10.7096	6.03769
11.6375	6.41053
20.7	16.337
14.645	6.02695
15.3968	5.36756
16.3499	5.7876
17.3531	6.05723
18.3947	16.237
19.6072	6.55865
20.5592	6.831
21.2144	6.07428
22.2224	6.4948
23.3422	5.89626
4.22179	6.59226
6.01615	7.462
7.01444	7.52047
17.4525	16.0069
8.92473	7.54512
8.39015	6.69483
9.1338	6.47901
10.7116	6.27964
11.0508	7.22034
16.1203	16.5568
14.7345	6.34447
15.4552	6.61313
16.9506	6.60095
17.1842	6.63984
18.3448	6.57976
19.431	6.802
20.5208	6.99296
21.5298	7.02512
22.3464	6.4479
23.2304	6.91534
5.10139	7.28827
6.07726	7.86931
7.17745	8.5071
8.08646	8.09036
9.45792	8.39627
9.73658	7.43588
9.74745	7.34796
11.6613	6.84064
12.6111	7.40164
14.1223	7.13518
15.2143	7.22184
16.2134	7.26515
17.0136	7.61313
17.9812	7.53664
18.9365	7.40498
19.8632	7.70798
21.4986	7.49058
23.3737	7.53703
23.7429	8.48053
24.1184	7.56825
15.1909	16.6941
6.14413	8.86707
7.05315	8.45031
8.02906	9.03129
8.93808	8.61453
9.99125	9.24734
10.3611	8.21689
14.0516	16.9906
13.0535	17.0525
13.5608	7.96264
14.6192	8.02545
15.6755	8.09818
16.7355	8.12065
17.7852	8.25521
18.833	8.42505
19.9732	8.67622
20.6237	8.47833
22.4763	7.98821
23.4324	8.52102
24.7526	8.46316
6.67381	9.05548
7.10499	9.14411
12.1039	17.3648
9.00495	9.61229
10.8673	9.7427
10.9747	9.08584
10.3485	14.8827
9.54244	15.4745
13.0947	8.84737
14.0943	8.87462
15.0953	8.90611
16.0936	8.88024
27.6341	15.3148
19.1985	9.5409
20.0795	9.5423
20.9386	9.42743
21.6232	8.50991
24.1898	9.88182
24.4461	8.91521
25.4599	9.30924
6.40786	10.0195
6.69299	10.0553
26.3249	15.2761
10.8263	11.2335
9.98086	10.1933
10.9786	10.7423
11.5453	9.98203
12.2325	10.7401
14.6059	11.2532
15.3454	10.5582
14.6315	9.78261
15.6264	9.75904
26.1017	15.6332
25.6837	16.2942
20.0945	10.3978
21.2574	10.5438
22.3357	10.5872
23.202	11.2313
24.181	10.8818
25.1185	10.534
7.3558	10.7297
24.7251	16.6326
9.96273	11.7378
11.1586	12.1767
11.8025	11.4679
12.0146	10.9098
12.9198	11.4981
13.8664	11.9481
14.8262	12.2286
16.2404	11.1186
17.2491	11.3817
18.2304	11.6852
23.8008	17.0144
22.031	16.3856
21.037	11.524
22.025	11.4883
21.4731	15.9482
24.0683	11.8754
24.951	11.5198
26.4031	11.0414
7.31343	11.4514
8.31213	11.4309
9.32146	12.0493
10.3308	12.6676
11.4461	13.1211
12.2708	12.4701
13.6562	12.2544
14.6269	12.6647
19.9962	15.5165
17.5261	12.4459
16.5627	12.0864
17.5144	12.3613
18.8702	12.4844
20.3217	13.8855
20.3126	15.415
21.9757	11.8999
22.9145	12.2757
23.9245	12.3977
24.9345	12.5197
25.9425	11.9308
7.81376	12.3163
17.4937	15.4744
16.4851	15.7264
11.306	14.1112
12.4261	13.7678
13.1501	13.142
14.0541	13.5695
15.5556	13.2489
17.4031	13.4384
18.4896	12.8056
19.4826	12.7805
18.4986	12.5708
19.51	13.2835
21.1332	14.4876
22.0053	12.8994
22.8562	12.3741
23.7748	13.0897
25.1445	13.5159
25.9364	12.9326
26.8107	12.4254
7.86686	13.3272
9.48728	14.3488
9.81996	15.3069
12.017	14.8143
12.9712	14.5151
13.5386	14.1916
14.5468	14.4397
15.6721	14.4165
16.4844	13.8331
17.9983	13.6439
18.9932	13.7144
19.0999	13.7061
19.9767	14.1834
15.4137	15.6819
21.9448	15.0897
23.6722	16.3095
24.2023	15.4615
24.6351	13.9036
26.0678	13.9463
26.8768	13.4183
8.49776	14.1263
8.83045	15.0844
10.5844	15.9896
12.7533	15.491
13.6621	15.238
14.5468	14.8628
15.5549	14.6879
16.5835	14.828
17.4125	14.4184
18.4327	14.5432
19.4547	14.6436
20.3749	15.1143
21.2029	15.75
22.7563	15.692
23.714	16.0181
24.6716	16.3445
25.1233	15.458
25.4954	14.7176
26.5906	14.8566
27.4914	14.2689
8.61511	15.1003
9.43293	14.4805
11.3488	16.6722
12.3074	16.3861
13.3055	16.3247
14.4459	15.9469
