-0.8661	-1.54327
0.127898	-1.43381
3.25617	0.560775
2.66704	0.773734
3.39741	0.586422
4.53928	0.340004
5.81614	0.081488
6.81146	-0.365803
7.85582	-0.55744
8.92372	-0.304346
10.8205	-0.137819
29.5017	16.1286
11.4922	-0.415755
13.2675	0.505973
14.2883	0.515399
15.3268	0.3194
16.4442	0.413686
17.4854	0.49852
18.3989	0.068391
19.2024	-0.545619
1.37761	0.296615
2.32628	0.928615
3.27496	1.5606
3.44728	1.47532
28.842	16.8802
6.50637	0.825944
6.74471	0.730677
7.61272	0.26885
8.60006	0.111872
9.9901	0.389099
11.0242	0.882818
12.0444	0.736923
12.462	-0.171717
13.854	1.38198
14.8755	1.26456
15.8507	1.19199
17.0514	1.38457
18.3494	1.06985
19.1787	0.694431
20.2435	0.0483472
0.731546	0.980263
1.96593	1.86143
3.3039	2.56018
4.22753	2.1769
28.1063	15.7807
6.21982	1.78401
7.19672	1.5703
7.74407	1.28215
8.49169	0.745712
9.15802	0.942709
10.9192	1.03936
11.8483	1.68962
12.8092	1.43185
14.4755	2.19855
14.8478	1.2704
27.6009	16.6436
17.732	2.29722
18.7462	2.52936
19.1775	1.69443
19.7974	0.965627
0.585875	1.9696
2.33122	2.79233
26.6745	16.6093
5.19303	2.8612
25.8163	16.9419
7.2278	3.06666
7.88702	2.3147
8.79441	1.69879
10.0958	1.29272
10.9677	1.78454
12.2697	3.1793
12.9053	2.40732
13.4691	2.22388
15.2355	2.8947
15.5769	1.95477
17.2217	3.16267
18.2017	3.30096
19.7808	2.55687
20.8048	2.83098
20.3135	1.89093
23.7724	17.1176
1.34637	2.61894
4.32617	4.2364
5.25585	3.86803
6.17958	3.50498
22.7984	16.891
8.19395	3.32464
8.91042	2.67232
9.7948	2.24617
12.7106	2.76962
11.8394	2.27659
12.4751	1.5046
13.9623	3.12502
14.9789	3.35792
15.9955	3.59086
18.0464	3.74495
19.0676	3.95441
20.0292	3.55576
21.0358	3.84234
21.8038	3.25311
2.81533	3.04477
2.26026	2.21296
5.11003	4.85734
6.04376	4.49935
7.1505	4.16169
21.8096	16.7422
9.00468	3.99298
9.70625	3.25962
10.7846	2.77597
13.5825	3.26136
14.1647	4.07551
14.9263	3.94182
14.9513	4.35754
16.6519	4.37564
17.0145	3.84846
17.6435	4.65216
19.8283	4.75443
20.8337	4.78041
21.8172	4.61439
22.5634	4.0125
3.8216	4.90872
21.5261	16.3345
5.70346	5.66223
6.64153	5.3158
7.12649	5.14984
8.08943	4.87419
9.57571	4.84526
9.57574	4.84524
11.7745	3.30577
12.7643	3.83557
13.756	4.36238
14.7476	4.88918
15.8075	4.87428
16.7826	5.37924
17.5827	4.77917
18.5152	5.17874
19.4301	5.6577
20.4609	5.6616
21.7636	5.14835
22.833	5.05925
5.52975	6.89141
6.48374	7.19344
6.54935	6.19559
7.23937	6.1322
8.21253	5.87746
9.05918	5.53296
10.1467	5.69753
11.1078	5.97382
12.0182	6.38752
21.77	16.2476
15.0525	6.04931
15.7226	5.307
16.6976	5.72479
17.7118	5.97823
19.3677	16.2036
20.1509	6.35769
20.9442	6.95503
21.4857	6.10897
22.5279	6.51516
23.6538	5.89454
4.57584	6.58694
6.4831	7.19548
7.43643	7.49958
18.4127	16.027
9.44454	7.4823
8.82854	6.67987
9.57415	6.49687
11.1195	6.288
11.4707	7.22429
17.1131	16.5654
15.1356	6.38774
15.8938	6.58994
17.3323	6.52698
17.5912	6.56388
18.7339	6.50332
19.8259	6.78831
20.9273	7.00626
21.9351	7.00282
22.724	6.38838
23.5701	6.92137
5.49486	7.28123
6.50713	7.86588
7.71161	8.46185
8.62243	8.0506
10.0196	8.31453
10.3614	7.37477
10.2443	7.35243
12.0922	6.87846
13.0649	7.46893
14.5823	7.22075
15.6522	7.24395
16.6522	7.24174
17.516	7.53857
18.4316	7.47646
19.3705	7.30337
20.2499	7.7045
21.9263	7.50051
23.8248	7.54591
24.2014	8.49018
24.506	7.55551
16.1939	16.724
6.61295	8.86026
7.52297	8.44568
8.53883	9.02547
9.44961	8.61233
10.5948	9.1467
10.9144	8.20798
15.1012	16.9903
14.1075	17.1025
14.0376	8.05939
15.1088	8.08343
16.1772	8.10521
17.2465	8.05064
18.3075	8.16363
19.3669	8.34296
20.5339	8.63633
21.089	8.5264
22.9253	7.99476
23.9021	8.52502
25.211	8.43047
7.2722	8.99603
7.5943	9.05252
13.1647	17.4325
9.55494	9.60666
11.4382	9.71336
11.5845	9.06354
11.3103	14.8941
10.5116	15.4957
13.6375	8.97584
14.6374	8.96234
15.6372	8.93594
16.6278	8.82369
28.5783	15.3437
19.8252	9.45717
20.6853	9.47706
21.5375	9.42022
22.0889	8.54289
24.9072	9.90675
24.9375	8.90456
25.9813	9.25811
6.98939	9.95521
7.26283	9.99599
27.2009	15.3562
11.554	11.2715
10.5713	10.1873
11.6256	10.7109
12.1928	9.95985
12.9012	10.716
15.3118	11.2614
16.0614	10.5745
15.26	9.84806
16.2461	9.73939
27.0247	15.6959
26.6145	16.3439
20.7914	10.3127
21.9727	10.5291
23.0725	10.5975
23.9602	11.2543
24.8777	10.909
25.8353	10.6206
7.99749	10.6523
25.6746	16.6005
10.666	11.7313
11.9222	12.2013
12.4867	11.4395
12.675	10.8902
13.6096	11.4721
14.5622	11.9483
15.5188	12.2397
16.9926	11.1308
18.0233	11.3993
19.0135	11.7275
24.7679	17.0223
22.9733	16.4088
21.8057	11.5243
22.7834	11.4934
22.4329	15.9603
24.8479	11.9112
25.6063	11.594
27.0944	11.0714
7.99978	11.5031
8.99184	11.3651
10.0328	12.0047
11.0738	12.6444
12.2211	13.1315
13.0271	12.4446
14.3798	12.2189
15.3583	12.6497
20.9275	15.4863
18.3203	12.4477
17.3421	12.0984
18.2894	12.3847
19.692	12.5125
21.1961	13.8944
21.3155	15.3569
22.7515	11.9113
23.6974	12.2982
24.7102	12.4427
25.723	12.5872
26.7305	11.9992
8.60334	12.3028
18.4296	15.4425
17.4413	15.7328
12.3511	14.123
13.2366	13.7858
13.9311	13.1409
14.7811	13.6676
16.3154	13.2482
18.1854	13.4385
19.2984	12.7969
20.2835	12.7306
19.2865	12.5575
20.3706	13.2974
22.0215	14.4914
22.8016	12.91
23.6415	12.3673
24.592	13.1265
25.9773	13.5847
26.7519	12.9951
27.612	12.4745
8.70274	13.3124
10.4378	14.4195
10.8039	15.3767
12.9676	14.9103
13.8988	14.5458
14.3901	14.2032
15.407	14.4476
16.517	14.5018
17.2724	13.8466
18.8502	13.6438
19.843	13.7031
19.9943	13.691
20.8547	14.1951
16.3622	15.6944
22.8469	15.0885
24.593	16.3319
25.132	15.4897
25.4866	13.9549
26.9204	14.0014
27.721	13.4675
9.43598	14.2032
9.80208	15.1605
11.596	16.0564
13.7489	15.5345
14.5966	15.2621
15.4567	14.8626
16.4239	14.6919
17.4589	14.8378
18.2539	14.3927
19.2901	14.5378
20.329	14.6381
21.2628	15.1272
22.1181	15.768
23.6722	15.6856
24.6321	16.0316
25.5919	16.3777
26.0548	15.5011
26.3813	14.7832
27.4986	14.8938
28.4102	14.2853
9.56855	15.163
10.3899	14.5032
12.3881	16.736
13.3477	16.4505
14.3416	16.3399
15.4033	15.9851
