-0.929371	-1.52872
0.0706072	-1.52135
3.35718	0.557709
2.73924	0.815686
3.52634	0.532418
4.4273	0.34566
5.80588	0.154016
6.7766	-0.311682
7.82568	-0.531217
8.91824	-0.349177
10.8495	-0.233354
30.5906	16.1546
11.46	-0.415259
13.2539	0.564608
14.2843	0.576107
15.3288	0.346003
16.4681	0.465481
17.5211	0.552892
18.4284	0.115011
19.1983	-0.536905
1.44768	0.297347
2.42783	0.926889
3.40799	1.55642
3.56389	1.49867
29.9997	16.9614
6.52965	0.895165
6.75376	0.811933
7.5949	0.320669
8.57822	0.150336
10.046	0.323126
11.1185	0.786025
12.1537	0.666703
12.4519	-0.287797
13.8746	1.44784
14.8909	1.30261
15.8578	1.22152
17.1207	1.44707
18.4055	1.11724
19.2246	0.72001
20.2822	0.0554112
0.80914	0.974404
2.09273	1.86907
3.46086	2.55502
4.38854	2.18166
29.1074	15.8077
6.2796	1.8634
7.25347	1.63628
7.79627	1.33513
8.46696	0.810081
9.24742	0.912325
11.0026	0.966475
11.9592	1.60982
12.9247	1.3743
14.6117	2.19552
14.8493	1.22416
28.6531	16.6985
17.8634	2.34955
18.8903	2.56732
19.2665	1.71913
19.8879	1.00102
0.734612	1.97162
2.48826	2.78753
27.7424	16.6201
5.40282	2.88329
26.9222	17.0075
7.41741	3.206
7.97726	2.37741
8.88502	1.7185
10.1931	1.28543
11.0865	1.77135
12.4736	3.12688
13.0671	2.32205
13.6053	2.16525
15.4145	2.88012
15.5903	1.89568
17.4016	3.24111
18.3852	3.3532
19.9326	2.55968
20.9734	2.84415
20.4484	1.91085
24.8706	17.1684
1.5041	2.61029
4.62412	4.28897
5.54243	3.8931
6.44958	3.5112
23.9162	16.87
8.40197	3.38107
9.05415	2.6785
9.92666	2.24711
12.8731	2.74324
11.9798	2.25728
12.5733	1.45244
14.1749	3.03428
15.1962	3.2995
16.2174	3.56473
18.2697	3.75602
19.2923	3.98413
20.2448	3.54907
21.2573	3.85071
22.0033	3.24609
3.01579	3.01772
2.42188	2.2132
5.42611	4.88631
6.35403	4.51355
7.46612	4.16471
22.9218	16.7643
9.2348	4.07191
9.85167	3.2639
10.9423	2.774
13.7665	3.22911
14.4083	4.01607
15.1867	3.85425
15.2521	4.29793
16.962	4.29129
17.2354	3.89312
17.9125	4.67702
20.0891	4.78133
21.0965	4.78863
22.0793	4.61425
22.7998	3.99411
4.11691	4.88345
22.6361	16.2732
6.06941	5.65193
7.00719	5.30469
7.45094	5.14121
8.43047	4.91478
9.89078	4.88174
9.8908	4.88173
11.9579	3.30088
12.9736	3.82776
14.0118	4.31539
15.05	4.80302
16.119	4.79641
17.115	5.29693
17.9087	4.69362
18.81	5.18632
19.7349	5.7023
20.7713	5.6801
22.036	5.13137
23.1298	5.04369
5.94899	6.86698
6.90997	7.16371
6.92842	6.16388
7.66037	6.09581
8.6549	5.90944
9.44179	5.58013
10.5468	5.69158
11.5048	5.97823
12.4285	6.36141
22.8263	16.2072
15.4948	6.05913
16.0504	5.22765
17.0508	5.65226
18.0726	5.89044
20.4554	16.1696
20.51	6.375
21.3088	6.96767
21.8296	6.10983
22.8991	6.51118
24.011	5.87783
4.98258	6.56825
6.90989	7.16398
7.87079	7.461
19.4882	16.0763
10.0561	7.40123
9.35549	6.65534
10.0404	6.53102
11.553	6.30665
11.9346	7.23095
18.2167	16.5871
15.5778	6.42566
16.3348	6.60183
17.7342	6.43696
18.0114	6.47362
19.1222	6.41598
20.1968	6.8002
21.2977	7.04099
22.3024	6.99156
23.1094	6.40106
23.9687	6.91253
5.93144	7.27137
6.96906	7.87367
8.32155	8.36225
9.23825	7.97123
10.6501	8.23419
11.0592	7.32168
10.7712	7.37465
12.5592	6.92172
13.5653	7.53678
15.0369	7.26673
16.1308	7.25885
17.1296	7.20871
18.0506	7.43636
18.9104	7.39869
19.8313	7.16931
20.6055	7.7372
22.3324	7.52651
24.2675	7.56195
24.6908	8.49016
24.9395	7.54241
17.3057	16.7617
7.12218	8.86187
8.03045	8.44349
9.09185	9.01331
10.0072	8.60942
11.2442	9.06712
11.502	8.21828
16.2484	16.8901
15.2795	17.1375
14.5715	8.15185
15.6532	8.13745
16.7294	8.10204
17.7993	7.95823
18.8697	8.03791
19.941	8.22499
21.1373	8.56134
21.5989	8.57573
23.3671	8.01203
24.3793	8.53406
25.7008	8.40455
7.91568	8.94445
8.11653	8.96802
14.3448	17.4859
10.1545	9.59784
12.0667	9.68882
12.2328	9.06191
12.3798	14.8094
11.5939	15.4278
14.2452	9.09711
15.2439	9.04557
16.2365	8.95724
17.2075	8.74533
29.6226	15.3518
20.5104	9.32413
21.3488	9.37255
22.1897	9.38256
22.5962	8.64903
25.5306	9.91062
25.4442	8.90666
26.5254	9.21837
7.60613	9.89534
7.90017	9.94433
28.2188	15.349
12.3419	11.3291
11.2182	10.1795
12.3328	10.6835
12.8902	9.95511
13.6282	10.7068
16.0847	11.2778
16.8397	10.5948
15.9632	9.90214
16.9296	9.69413
28.0505	15.7434
27.6545	16.3824
21.5536	10.1779
22.7518	10.4761
23.8766	10.573
24.7902	11.2457
25.6174	10.9145
26.6059	10.7633
8.68684	10.5723
26.7445	16.5556
11.4271	11.7329
12.7676	12.234
13.2371	11.4208
13.3978	10.8819
14.3662	11.4585
15.3297	11.9608
16.2847	12.2576
17.812	11.1537
18.8708	11.4267
19.8736	11.7828
25.8598	17.0218
24.0356	16.4517
22.6503	11.4857
23.6156	11.4639
23.5105	15.9559
25.7039	11.9185
26.2426	11.695
27.8578	11.1062
8.76116	11.5567
9.73017	11.2958
10.8121	11.9565
11.8941	12.6172
13.0777	13.1465
13.8651	12.4275
15.1777	12.1922
16.1656	12.6481
21.9709	15.4594
19.1898	12.4646
18.1967	12.1199
19.1398	12.4174
20.5904	12.5581
22.1523	13.9208
22.4048	15.3004
23.6051	11.8873
24.5599	12.2889
25.5765	12.4603
26.5931	12.6316
27.5967	12.0589
9.46747	12.2748
19.4692	15.4184
18.5109	15.7535
13.4308	14.082
14.1356	13.8081
14.8054	13.1506
15.5844	13.791
17.1584	13.2647
19.056	13.4556
20.183	12.8092
21.1576	12.7055
20.1487	12.5614
21.3072	13.3334
22.9974	14.5083
23.6375	12.8868
24.4868	12.359
25.4941	13.1368
26.8936	13.6327
27.6515	13.0436
28.4942	12.5099
9.62275	13.2811
11.4847	14.4697
11.89	15.4262
14.0135	14.8948
14.954	14.555
15.3338	14.2253
16.3633	14.4315
17.4619	14.6059
18.1512	13.8814
19.7949	13.6684
20.7838	13.7072
20.9756	13.6938
21.8179	14.2256
17.4207	15.7163
23.8425	15.0957
25.6216	16.3387
26.1766	15.5068
26.4283	13.9847
27.8602	14.0388
28.6542	13.5008
10.4676	14.2584
10.873	15.2148
12.7161	16.1043
14.778	15.5394
15.6277	15.2939
16.4641	14.8756
17.3833	14.7101
18.4275	14.8662
19.1867	14.3876
20.2447	14.5524
21.3056	14.6455
22.2603	15.1499
23.148	15.8008
24.6875	15.6832
25.6535	16.0433
26.6195	16.4034
27.0893	15.5356
27.3625	14.8326
28.5022	14.9092
29.4219	14.281
10.62	15.201
11.4513	14.438
13.5421	16.7825
14.5045	16.5012
15.4742	16.2572
16.4689	16.0256
