-0.991123	-1.53516
-0.00548022	-1.704
3.47012	0.544279
2.8257	0.842912
3.69201	0.388516
4.20885	0.2794
5.81266	0.227442
6.7467	-0.250285
7.7973	-0.498091
8.90745	-0.379165
10.8678	-0.310464
31.7939	16.1547
11.4504	-0.413906
13.2646	0.625225
14.3048	0.626904
15.352	0.352025
16.5139	0.49176
17.5797	0.588756
18.4817	0.149381
19.199	-0.553403
1.52866	0.27572
2.53878	0.908449
3.54892	1.54117
3.69279	1.51259
31.3006	17.0246
6.58086	0.961971
6.78578	0.888495
7.59728	0.367518
8.57786	0.181141
10.0965	0.277017
11.2094	0.706363
12.2624	0.616961
12.4492	-0.365429
13.9339	1.50992
14.9384	1.32331
15.8936	1.22731
17.2151	1.48868
18.4853	1.15085
19.2929	0.734203
20.3284	0.0432833
0.900474	0.945589
2.24224	1.86347
3.62539	2.53824
4.55989	2.18227
30.2045	15.8144
6.37955	1.9415
7.34907	1.69648
7.87228	1.38171
8.44313	0.90093
9.32732	0.892923
11.0837	0.912695
12.071	1.54837
13.0423	1.34026
14.7541	2.21291
14.8916	1.22242
29.8258	16.7399
18.0206	2.38425
19.0615	2.5867
19.3808	1.73033
19.9981	1.02007
0.907876	1.94556
2.65379	2.77485
28.9353	16.6127
5.62996	2.90705
28.1627	17.0636
7.65547	3.31798
8.11728	2.431
8.99867	1.73242
10.2943	1.27138
11.2145	1.75452
12.6713	3.08156
13.2348	2.25549
13.7517	2.12814
15.6064	2.88456
15.6405	1.88514
17.6162	3.30342
18.6013	3.38614
20.1114	2.54859
21.1748	2.83613
20.6115	1.90944
26.1002	17.2235
1.67059	2.59229
4.94742	4.34569
5.85142	3.91815
6.73969	3.5207
25.1685	16.8602
8.64878	3.43341
9.21831	2.67529
10.0817	2.24403
13.055	2.72079
12.1347	2.23766
12.6983	1.41159
14.3987	2.96261
15.4287	3.25942
16.4588	3.55623
18.5227	3.7508
19.5489	3.99557
20.4914	3.5244
21.5126	3.83736
22.2385	3.22233
3.23991	2.97347
2.59449	2.20965
5.76968	4.91481
6.69239	4.52933
7.79933	4.17993
24.1702	16.8016
9.51501	4.14646
10.0171	3.26205
11.124	2.77095
13.9752	3.20389
14.6741	3.96893
15.4641	3.78649
15.5839	4.24731
17.2743	4.24169
17.487	3.92209
18.2144	4.68426
20.3896	4.78572
21.3978	4.77321
22.3796	4.5937
23.0754	3.95985
4.45485	4.85257
23.8501	16.2307
6.47446	5.62423
7.41516	5.28499
7.79084	5.14273
8.79047	4.9727
10.2386	4.92521
10.2386	4.9252
12.1662	3.29788
13.2085	3.82481
14.2907	4.27938
15.373	4.73395
16.4536	4.74073
17.4712	5.24694
18.2481	4.6314
19.1381	5.17921
20.0861	5.72317
21.128	5.67405
22.3446	5.09496
23.4678	5.01285
6.42583	6.85221
7.39433	7.15751
7.31859	6.16038
8.13794	6.04065
9.1511	5.93938
9.84602	5.64721
10.9621	5.70396
11.9244	5.97601
12.8601	6.32884
24.0609	16.1566
15.9757	6.07046
16.4036	5.16661
17.4342	5.59925
18.4657	5.83544
21.6479	16.1502
20.9036	6.38909
21.7247	6.95621
22.2229	6.08752
23.3214	6.49098
24.4144	5.85175
5.4426	6.54215
7.39429	7.15764
8.36276	7.46306
20.6758	16.1323
10.6547	7.37778
9.90292	6.65857
10.5335	6.58328
12.0099	6.34181
12.4488	7.24034
19.4357	16.6178
16.0568	6.47652
16.8182	6.60918
18.1671	6.36712
18.4562	6.40741
19.5564	6.36318
20.6189	6.81763
21.7248	7.05387
22.7222	6.95422
23.5526	6.39697
24.42	6.89445
6.41725	7.25743
7.47585	7.88047
8.92286	8.31697
9.85135	7.96341
11.2949	8.19718
11.7703	7.31742
11.3277	7.41844
13.0576	6.97966
14.1054	7.61751
15.5435	7.33471
16.641	7.28815
17.6357	7.18518
18.6055	7.34456
19.4196	7.34197
20.3347	7.08644
21.0408	7.76499
22.796	7.53961
24.7717	7.58114
25.2399	8.49082
25.4249	7.53105
18.5337	16.8079
7.67933	8.85954
8.58487	8.43526
9.69389	8.99004
10.6174	8.60349
11.935	9.01658
12.1218	8.2536
17.4655	16.7108
16.5714	17.1586
15.1531	8.25536
16.2421	8.20514
17.3185	8.10577
18.3764	7.86658
19.4491	7.92802
20.5255	8.1408
21.7366	8.50213
22.1944	8.61769
23.8672	8.02535
24.9163	8.54615
26.2488	8.38013
8.61608	8.89566
8.6786	8.89789
15.6465	17.5256
10.8077	9.58358
12.7574	9.67299
12.916	9.08876
13.5309	14.6325
12.7676	15.2786
14.9074	9.22469
15.9038	9.13977
16.8821	8.98851
17.8178	8.66869
30.767	15.3393
21.2292	9.2011
22.057	9.25561
22.867	9.35771
23.1847	8.75629
26.2708	9.91337
26.0105	8.92742
27.1301	9.18362
8.28707	9.83999
8.61163	9.89565
29.3252	15.3382
13.2172	11.4051
11.9235	10.1714
13.1012	10.665
13.6353	9.97427
14.4119	10.7186
16.9239	11.3093
17.6796	10.6272
16.7286	9.95945
17.6605	9.64088
29.184	15.7787
28.8105	16.4107
22.3526	10.0357
23.5676	10.4221
24.7207	10.5412
25.6706	11.2244
26.5312	10.8993
27.5312	10.9033
9.44402	10.4963
27.9409	16.5063
12.2766	11.7444
13.7039	12.2787
14.0561	11.4165
14.1833	10.889
15.1886	11.4629
16.1681	11.9913
17.1227	12.2893
18.6998	11.1936
19.7932	11.4694
20.8136	11.8544
27.0771	17.01
25.2214	16.5013
23.5522	11.4436
24.5027	11.4294
24.7202	15.9664
26.6204	11.9076
27.0356	11.7719
28.7123	11.1408
9.61441	11.6094
10.544	11.2313
11.6737	11.9128
12.8034	12.5943
14.0242	13.1717
14.7878	12.4214
16.0485	12.1807
17.0491	12.6637
23.1181	15.4514
20.1378	12.5035
19.1289	12.157
20.0691	12.4638
21.5722	12.6213
23.201	13.9616
23.626	15.2562
24.521	11.8567
25.4899	12.2698
26.5149	12.4572
27.5398	12.6446
28.5533	12.1034
10.4124	12.2359
20.609	15.4075
19.6879	15.7819
14.5749	14.0063
15.1287	13.8405
15.777	13.174
16.5952	13.7933
18.0879	13.3
20.0252	13.4971
21.1467	12.85
22.109	12.7139
21.089	12.5888
22.3309	13.3882
24.071	14.535
24.5473	12.8564
25.3999	12.3338
26.474	13.1362
27.8893	13.6515
28.6338	13.0729
29.4632	12.5344
10.625	13.2376
12.6256	14.5016
13.0769	15.4568
15.1413	14.8305
16.1087	14.5771
16.3744	14.2606
17.4135	14.4127
18.5092	14.7228
19.1267	13.9362
20.8376	13.7232
21.8192	13.7326
22.049	13.7194
22.877	14.2717
18.5875	15.7477
24.941	15.1085
26.7641	16.3487
27.3284	15.5232
27.4581	14.0025
28.8822	14.0559
29.6739	13.5199
11.5897	14.2944
12.041	15.2496
13.9443	16.1347
15.8445	15.5415
16.7592	15.3366
17.5721	14.9016
18.4344	14.7469
19.491	14.9129
20.2155	14.4081
21.2999	14.5922
22.3861	14.6721
23.3694	15.1813
24.2954	15.8413
25.811	15.6819
26.7861	16.0533
27.7612	16.4247
28.2321	15.5634
28.4422	14.8688
29.6014	14.8994
30.5225	14.2584
11.7696	15.216
12.5897	14.2946
14.8117	16.8126
15.7791	16.5394
16.6759	16.0971
17.6438	16.075
