-1.07243	-1.55884
-0.151207	-1.94786
3.58246	0.522013
2.91507	0.856619
3.85793	0.0433218
3.91697	0.0212276
5.84019	0.304071
6.73256	-0.181556
7.78071	-0.458168
8.90278	-0.390479
10.8886	-0.362204
33.1001	16.128
11.4485	-0.490754
13.2936	0.705223
14.3414	0.685273
15.3833	0.351517
16.568	0.493463
17.6485	0.607917
18.5491	0.17747
19.1835	-0.592158
1.60547	0.236872
2.64743	0.87658
3.68939	1.51628
3.82683	1.5166
32.7507	17.065
6.66015	1.03103
6.84093	0.967493
7.62327	0.421579
8.60046	0.21306
10.1545	0.255553
11.3084	0.65141
12.3823	0.595398
12.4447	-0.402654
14.0255	1.58486
15.0105	1.34153
15.951	1.21807
17.3256	1.51241
18.5757	1.17592
19.3746	0.741886
20.3648	0.0169774
0.990281	0.897645
2.33798	1.8275
3.79603	2.51058
4.7386	2.17658
31.3681	15.7923
6.51518	2.02047
7.48012	1.75798
7.97039	1.43331
8.37827	1.08366
9.41256	0.892734
11.1752	0.884244
12.196	1.51293
13.1747	1.33746
14.9176	2.25729
14.9708	1.25871
31.122	16.7615
18.197	2.40846
19.2523	2.59289
19.5087	1.73284
20.1161	1.02815
1.02825	1.89692
2.81535	2.7062
30.2512	16.6067
5.87744	2.92922
29.5372	17.127
7.94099	3.41824
8.30008	2.48494
9.13314	1.74589
10.4095	1.27095
11.3626	1.75319
12.8814	3.06008
13.4202	2.21766
13.9231	2.1195
15.8234	2.91722
15.7186	1.92272
17.8673	3.35821
18.8502	3.40722
20.3091	2.52712
21.4005	2.8126
20.7938	1.88998
27.4695	17.2986
1.84156	2.47875
5.30605	4.4081
6.1894	3.93939
7.05611	3.52986
26.5409	16.9275
8.93841	3.49009
9.39268	2.66915
10.2562	2.25169
13.2688	2.71766
12.3157	2.23542
12.8545	1.393
14.6444	2.92239
15.6868	3.24976
16.7291	3.57715
18.8051	3.7473
19.8373	4.00213
20.7625	3.48476
21.7943	3.80936
22.5018	3.18823
3.45137	2.918
2.79158	2.16655
6.15364	4.93875
7.07033	4.53918
8.15641	4.2112
25.5534	16.7699
9.84785	4.22617
10.187	3.26801
11.3304	2.78018
14.2219	3.19988
14.9777	3.94759
15.7721	3.7521
15.9704	4.2087
17.6072	4.23682
17.7741	3.96455
18.5619	4.69559
20.7267	4.78697
21.7325	4.74224
22.7127	4.55954
23.3843	3.91575
4.83189	4.82194
25.1924	16.2124
6.93947	5.55719
7.88589	5.23423
8.15316	5.16154
9.18026	5.04903
10.6303	4.98232
10.6303	4.98231
12.4046	3.30867
13.4787	3.83716
14.6061	4.26623
15.7336	4.69529
16.8294	4.72058
17.8726	5.2376
18.6184	4.59834
19.5135	5.17881
20.4962	5.74462
21.5397	5.65488
22.6804	5.06072
23.8433	4.97258
6.96457	6.83493
7.94382	7.14917
7.72749	6.17284
8.70146	5.92928
9.72289	5.94721
10.2891	5.7323
11.4127	5.73846
12.3888	5.95549
13.3335	6.28341
25.5224	16.0752
16.5399	6.10296
16.8013	5.13771
17.869	5.5801
18.9134	5.82412
22.9675	16.149
21.3584	6.41444
22.2056	6.94561
22.6713	6.06068
23.8031	6.46627
24.8642	5.82142
5.95825	6.51193
7.94381	7.14922
8.92305	7.4635
21.9956	16.1951
11.3001	7.37445
10.5115	6.66083
11.0693	6.65326
12.5137	6.3953
13.0467	7.2414
20.7906	16.6573
16.632	6.53965
17.3858	6.63633
18.6634	6.32441
18.9508	6.37891
20.0601	6.35898
21.1072	6.89578
22.2206	7.08421
23.2047	6.90654
24.0597	6.38789
24.9348	6.87188
6.96496	7.23435
8.04746	7.87501
9.56855	8.27871
10.513	7.97877
11.9959	8.1776
12.5482	7.34396
11.9317	7.48326
13.6147	7.05214
14.7158	7.70898
16.2356	7.45773
17.2311	7.34031
18.2195	7.18855
19.23	7.26763
19.9895	7.32082
20.9093	7.06554
21.5877	7.84751
23.3325	7.56664
25.3506	7.60672
25.8663	8.49218
25.9772	7.52203
19.8966	16.8605
8.30025	8.84254
9.20472	8.41601
10.362	8.95699
11.2964	8.59524
12.6917	8.98074
12.7941	8.31326
18.6402	16.4167
17.9803	17.1681
15.8168	8.36582
16.9131	8.2884
17.9857	8.12936
19.0224	7.79656
20.0945	7.84089
21.1737	8.0861
22.2388	8.73198
22.6756	8.76681
24.4444	8.04906
25.5359	8.56344
26.8724	8.35607
9.37745	8.84305
9.30024	8.8473
17.0673	17.5538
11.5325	9.56412
13.5284	9.66433
13.6564	9.14325
14.7235	14.3991
13.9945	15.0836
15.6539	9.35246
16.648	9.24334
17.605	9.03657
18.4853	8.60299
31.9967	15.3035
22.2527	8.81971
23.2205	8.55639
23.3059	9.54324
23.6723	8.68455
27.0666	9.90944
26.6629	8.95372
27.8162	9.15024
9.05081	9.7882
9.39376	9.84292
30.4283	15.4508
14.2354	11.467
12.7054	10.1628
13.9498	10.6551
14.4486	10.0171
15.2727	10.7512
17.8539	11.3565
18.6084	10.6751
17.5827	10.0218
18.4628	9.58514
30.4197	15.793
30.0842	16.4308
23.3247	9.56018
24.3846	10.3282
25.5723	10.4752
26.5679	11.1743
27.4702	10.8651
28.4702	10.8579
10.2854	10.4262
29.2628	16.4553
13.2727	11.7378
14.7454	12.3272
14.9638	11.4258
15.0507	10.9103
16.0968	11.4854
17.0993	12.0378
18.0537	12.3363
19.6832	11.2548
20.8164	11.5324
21.8588	11.9467
28.4236	16.9992
26.5424	16.5714
24.4816	11.3546
25.413	11.3591
26.1837	15.9935
27.5635	11.8733
28.0028	11.7419
29.6605	11.1592
10.5636	11.6418
11.4493	11.1732
12.6343	11.8742
13.8193	12.5752
15.0788	13.2018
15.8126	12.4235
17.0106	12.1868
18.0298	12.6965
24.3931	15.4665
21.1893	12.569
20.1636	12.2143
21.1027	12.5288
22.6608	12.708
24.3596	14.0263
24.9798	15.2353
25.47	11.7847
26.4584	12.2149
27.4969	12.4168
28.5353	12.6188
29.595	12.1175
11.4292	12.1871
21.871	15.4131
20.9905	15.8178
15.6594	14.016
16.2351	13.8797
16.8629	13.2065
17.7201	13.8125
19.1268	13.354
21.1193	13.5666
22.215	12.9238
23.1645	12.763
22.1336	12.6458
23.4629	13.4693
25.2563	14.5833
25.529	12.783
26.364	12.2327
27.5078	13.1035
28.9453	13.6309
29.6793	13.0713
30.5075	12.5436
11.6965	13.1835
13.847	14.518
14.3534	15.471
16.2796	14.8005
17.2754	14.7091
17.5332	14.305
18.5772	14.4185
19.6831	14.8528
20.2237	14.0115
22.0052	13.8096
22.974	13.7818
23.2382	13.7707
24.0537	14.3405
19.8817	15.7882
26.153	15.1404
28.0225	16.3959
28.5754	15.5626
28.5572	13.9921
29.9688	14.0429
30.7639	13.5192
12.7873	14.3146
13.2936	15.2675
15.2726	16.1498
16.8566	15.6172
18.0111	15.3865
18.8016	14.9382
19.6033	14.8057
20.6751	14.9794
21.3663	14.4555
22.4807	14.659
23.5938	14.7206
24.6078	15.2297
25.5751	15.9005
27.0496	15.6974
28.0351	16.0777
29.0205	16.4581
29.4735	15.5945
29.6066	14.8807
30.7796	14.857
31.6947	14.2171
13.0026	15.2107
13.7661	14.1101
16.1919	16.8286
17.1673	16.5677
17.8352	15.8234
18.9466	16.131
