-1.16488	-1.5731
-0.356638	-2.16194
3.69185	0.47647
3.03253	0.805873
3.8844	-0.361068
3.7704	-0.28208
5.86907	0.372946
6.71852	-0.118581
7.75859	-0.423508
8.88731	-0.39098
10.8924	-0.391437
34.5311	16.1028
11.4517	-0.491888
13.3295	0.775987
14.3831	0.733672
15.4197	0.34451
16.6265	0.501974
17.7252	0.631055
18.6276	0.213516
19.1547	-0.625547
1.67664	0.192413
2.75614	0.829255
3.83566	1.46608
3.98375	1.47594
34.363	17.0886
6.74901	1.09175
6.89394	1.0414
7.65203	0.47923
8.62203	0.238991
10.199	0.254307
11.3912	0.621634
12.4881	0.605454
12.4469	-0.393697
14.1257	1.65117
15.0837	1.34886
16.0071	1.20722
17.4491	1.53978
18.6767	1.20695
19.4656	0.759162
20.3939	-0.00460449
1.07922	0.848047
2.52228	1.80153
3.98391	2.45503
4.93497	2.14601
32.6792	15.8135
6.66837	2.0885
7.62896	1.81054
8.06069	1.48651
8.45125	1.10988
9.48102	0.906537
11.2526	0.880791
12.3063	1.50727
13.2948	1.37068
15.0779	2.31401
15.0671	1.31408
32.5582	16.8062
18.3888	2.43598
19.4578	2.60247
19.6483	1.74233
20.2411	1.0394
1.24687	1.83389
3.00849	2.67537
31.7172	16.5939
6.1565	2.93822
31.0686	17.1816
8.27119	3.50065
8.50893	2.52932
9.25046	1.74055
10.5109	1.28609
11.4976	1.77431
13.0689	3.07378
13.589	2.21965
14.0894	2.14671
16.0366	2.97165
15.7932	2.00174
18.1384	3.4114
19.1169	3.42905
20.5205	2.51096
21.6436	2.78628
20.9897	1.86511
28.9828	17.363
2.03409	2.45056
5.74138	4.5141
6.56605	3.94848
7.40951	3.52963
28.0771	16.939
9.27051	3.5375
9.51781	2.64474
10.4015	2.26898
13.4709	2.75072
12.4842	2.26252
13.0043	1.40839
14.8717	2.93203
15.9335	3.28065
16.9954	3.62929
19.0969	3.76305
20.1426	4.01064
21.0476	3.4467
22.0934	3.77882
22.7853	3.15476
3.70211	2.87111
2.99281	2.16621
6.63939	4.95409
7.51747	4.49792
8.51972	4.33089
27.0824	16.8359
10.2373	4.29209
10.2929	3.27811
11.5099	2.80576
14.4576	3.23891
15.2634	3.97847
16.0584	3.78087
16.38	4.17546
17.9208	4.2905
18.0691	4.02022
18.9157	4.7212
21.0894	4.78379
22.0906	4.70701
23.0689	4.52203
23.7176	3.87099
5.23772	4.79523
26.6618	16.2059
7.59479	5.28317
8.52216	4.89053
8.60049	5.32451
9.62644	5.1404
11.08	5.02644
11.0801	5.02643
12.6184	3.34254
13.7268	3.87931
14.898	4.29867
16.0692	4.71802
17.1825	4.77208
18.2566	5.28802
18.9692	4.6224
19.8986	5.19198
20.9348	5.75581
21.9819	5.62716
23.037	5.03011
24.2468	4.92986
7.56153	6.7787
8.56881	7.04609
8.08196	6.16454
9.55316	5.22494
10.3722	5.87945
10.7983	5.8168
11.9228	5.76079
12.9056	5.94531
13.8554	6.25809
26.9377	16.1183
17.1435	6.18295
17.1744	5.18342
18.2796	5.64881
19.3377	5.89062
24.4141	16.155
21.8491	6.42131
22.7213	6.91904
23.1585	6.0227
24.3301	6.43399
25.3514	5.78875
6.52051	6.47162
8.5539	7.10045
9.54628	7.42217
23.4447	16.252
12.0116	7.34153
11.1919	6.61049
11.68	6.71199
13.0955	6.41326
13.6599	7.23878
22.2798	16.6904
17.3468	6.51814
18.0117	6.67913
19.301	6.11559
19.3448	6.55735
20.5359	6.44574
21.6232	6.96042
22.7576	7.08768
23.7235	6.84671
24.6123	6.38832
25.5017	6.84529
7.56742	7.19382
8.68495	7.83901
10.2803	8.19744
11.2451	7.97242
12.7744	8.13053
13.4358	7.38053
12.61	7.54354
14.2682	7.06572
15.4409	7.71817
16.8987	7.41213
17.98	7.29209
18.9464	7.03473
20.2615	6.70097
20.5317	7.41286
21.4418	7.12819
22.1822	7.88793
23.9168	7.57962
25.9886	7.64202
26.5572	8.49405
26.5903	7.51701
21.3922	16.9054
8.98797	8.79199
9.89208	8.3647
11.0992	8.89037
12.0468	8.563
13.5372	8.91952
13.54	8.37509
19.8899	16.1789
19.5266	17.1106
16.6136	8.37063
17.7152	8.25639
18.768	8.00269
19.7783	7.59492
20.8454	7.59081
21.8341	8.1075
22.949	8.73047
23.3986	8.83409
25.0761	8.07157
26.2174	8.5902
27.5605	8.34376
10.1824	8.80871
9.98665	8.84323
18.6401	17.525
12.3344	9.51709
14.3894	9.64465
14.47	9.20664
15.9893	14.2
15.3015	14.9259
16.55	9.36861
17.5399	9.22674
18.4737	8.95689
19.2938	8.42766
33.3389	15.2814
22.9764	8.84147
23.9389	8.57582
24.0967	9.55012
24.3983	8.8068
27.9056	9.94277
27.3836	9.00988
28.5692	9.13874
9.88746	9.76422
10.2573	9.8059
31.7644	15.4096
15.3203	11.5798
13.5716	10.1345
14.8875	10.64
15.3469	10.0635
16.229	10.7819
18.9083	11.3506
19.6563	10.6529
18.5786	9.9586
19.389	9.40439
31.7862	15.834
31.4958	16.4633
24.1219	9.57232
25.2554	10.3381
26.4771	10.4934
27.5319	11.1855
28.4276	10.8757
29.4266	10.8307
11.2057	10.3897
30.7331	16.4163
14.3431	11.7922
15.9151	12.3837
15.9625	11.4501
16.0135	10.9256
17.1111	11.5003
18.1603	12.0483
19.1205	12.3278
20.7899	11.2654
21.9668	11.5576
23.0333	12.0129
29.9055	16.9775
28.0053	16.6295
25.4804	11.3539
26.3928	11.3745
27.6691	16.026
28.5866	11.8777
29.0245	11.7463
30.7208	11.2089
11.6229	11.708
12.4498	11.1486
13.7061	11.863
14.9624	12.5774
16.2648	13.2517
16.9422	12.431
18.0765	12.1995
19.13	12.7163
25.8005	15.4828
22.3597	12.614
21.3204	12.2268
22.2574	12.5564
23.8816	12.7732
25.6534	14.0773
26.5003	15.219
26.4945	11.7916
27.5086	12.2292
28.565	12.4231
29.6213	12.617
30.7658	12.1514
12.5491	12.1629
23.2593	15.4211
22.4168	15.8464
16.9149	14.0399
17.4735	13.9272
18.07	13.2358
18.9682	13.835
20.2944	13.3993
22.3424	13.6139
23.3989	13.0013
24.3369	12.8246
23.2971	12.6905
24.73	13.5334
26.5768	14.6211
26.6191	12.7838
27.4161	12.1797
28.6363	13.1266
30.0989	13.6305
30.8252	13.0927
31.6658	12.5895
12.8671	13.1567
15.1755	14.5286
15.7458	15.4717
17.565	14.828
18.5691	14.8458
18.8209	14.3457
19.8663	14.4342
20.9958	14.9686
21.4588	14.0823
23.3077	13.8949
24.2577	13.8237
24.5571	13.8154
25.3676	14.3931
21.3034	15.824
27.5001	15.165
29.419	16.4139
29.9902	15.5932
29.764	14.024
31.1557	14.0542
31.9575	13.5487
14.0894	14.3414
14.6597	15.2845
16.7253	16.1402
18.0733	15.7115
19.3855	15.4297
20.1577	14.9729
20.9037	14.8695
21.993	15.0435
22.6547	14.5064
23.8001	14.7214
24.9392	14.7596
25.9842	15.2628
26.9947	15.9461
28.4235	15.7089
29.4194	16.1036
30.4154	16.4983
30.8526	15.6351
30.8917	14.9213
32.0667	14.8334
32.9698	14.197
14.3436	15.2131
15.0168	13.9673
17.7049	16.8086
18.6785	16.5302
19.0681	15.6092
20.3772	16.1798
