-1.30833	-1.5434
-0.77473	-2.38914
3.80124	0.447986
3.13319	0.782831
3.84512	-0.510361
3.7403	-0.415938
5.92223	0.411378
6.72583	-0.0903744
7.75297	-0.426146
8.88617	-0.429647
10.907	-0.472912
36.0666	16.1288
11.5696	-0.438029
13.5398	0.445693
14.5883	0.362032
15.6886	0.118269
16.7658	0.521571
17.8805	0.670231
18.803	0.303979
19.0976	-0.629521
1.74495	0.157342
2.86319	0.794484
3.98144	1.43162
4.13688	1.45755
36.2562	17.1106
6.87103	1.11594
6.97465	1.08442
7.7078	0.507884
8.66612	0.226162
10.2637	0.208168
11.4963	0.535583
12.618	0.545876
12.5694	-0.452943
14.3408	1.34112
15.2304	1.03259
16.1098	1.12629
17.6488	1.57882
18.836	1.28605
19.6696	0.802896
20.4147	-0.00523841
1.17452	0.808932
2.61422	1.763
4.18039	2.41163
5.14057	2.13228
32.9414	16.9138
6.86447	2.11591
7.81984	1.82048
8.18065	1.50953
8.5473	1.11719
9.57392	0.884717
11.3595	0.821016
12.4554	1.43387
13.4551	1.32303
15.3252	2.08445
15.3084	1.08596
33.9128	17.1513
18.6528	2.4734
19.7341	2.63898
19.8463	1.78716
20.3882	1.06606
1.39969	1.78325
3.19425	2.57759
33.9562	16.2821
6.4641	2.96498
33.1766	16.7934
8.67085	3.52023
8.76864	2.52503
9.38679	1.7265
10.6284	1.29496
11.6572	1.77292
13.3236	3.02131
13.8042	2.14437
14.3183	2.07704
16.3296	2.80881
15.8193	1.94718
18.4688	3.4633
19.4411	3.46435
20.7967	2.51116
21.9511	2.75867
21.2235	1.84374
30.8784	17.0026
2.21897	2.35664
6.20046	4.60528
6.97549	3.97336
7.79765	3.55089
29.8793	16.96
9.67084	3.52646
9.6554	2.61661
10.5629	2.2838
13.7149	2.72886
12.686	2.25088
13.1666	1.37395
15.1529	2.85488
16.2409	3.21947
17.3333	3.53622
19.464	3.71809
20.5122	4.00892
21.4008	3.41405
22.4605	3.7468
23.1376	3.12303
3.97509	2.84422
3.2072	2.20364
7.12795	4.97914
7.98505	4.50235
8.97528	4.36968
28.8809	16.9048
10.7105	4.28361
10.414	3.29376
11.7183	2.80775
14.7437	3.20681
15.6083	3.92675
16.4043	3.71492
16.9231	3.96644
18.3071	4.22586
18.4304	3.97422
19.322	4.67495
21.5217	4.75845
22.5168	4.66554
23.4927	4.48836
24.1201	3.83364
5.71246	4.79487
28.2992	16.1361
8.07594	5.35792
9.00149	4.94967
9.10749	5.35493
10.148	5.20247
11.5998	5.02328
11.5998	5.02328
12.8737	3.3317
14.0291	3.85566
15.251	4.25117
16.4729	4.64668
17.6054	4.71336
18.7138	5.22646
19.394	4.5451
20.3412	5.14215
21.4321	5.73208
22.4865	5.58419
23.458	5.00356
24.7177	4.8973
8.22178	6.765
9.24786	7.01598
8.66198	6.18689
10.0552	5.32532
10.9374	5.9358
11.3757	5.87827
12.489	5.76295
13.4785	5.90735
14.4368	6.19339
28.6813	16.0038
17.8639	6.09411
17.6244	5.1232
18.7759	5.59971
19.8484	5.84749
26.0209	16.1294
22.4097	6.3937
23.3026	6.87342
23.7119	5.97079
24.9236	6.40342
25.906	5.77595
7.14867	6.45913
9.22978	7.09163
10.2378	7.41826
25.0556	16.2759
12.727	7.38044
11.8322	6.65812
12.358	6.74628
13.725	6.43865
14.3827	7.19193
23.9328	16.6965
18.0491	6.56448
18.7469	6.56349
19.8249	6.09355
19.9156	6.51002
21.1125	6.42897
22.2241	6.96355
23.3705	7.05571
24.3126	6.76618
25.2397	6.39134
26.1354	6.83604
8.23612	7.18279
9.38867	7.8345
11.0327	8.1766
12.014	8.07007
13.581	8.14935
14.2821	7.43622
13.3556	7.58998
14.9609	7.11435
16.1968	7.79004
17.7063	7.5039
18.6645	7.35268
19.6187	7.05331
20.8186	6.7009
21.1697	7.3838
22.0735	7.11672
22.8487	7.87872
24.5756	7.57622
26.7063	7.69724
27.3115	8.52214
27.2724	7.54338
23.0511	16.9259
9.73834	8.77137
10.6449	8.34923
11.9011	8.86396
12.8651	8.57925
14.4351	8.91825
14.3532	8.43369
21.4362	16.1162
21.1952	17.0867
17.4327	8.46574
18.5375	8.34458
19.5635	8.03239
20.5102	7.51308
21.5651	7.5027
22.551	8.07241
23.713	8.69305
24.051	9.08996
25.7806	8.09672
26.9703	8.63821
28.3142	8.37859
10.9962	8.85417
10.7236	8.94268
20.3406	17.529
13.2068	9.51259
15.3273	9.66675
15.3508	9.27739
17.2258	13.9808
16.5578	14.725
17.4572	9.46544
18.4461	9.31715
19.3525	9.00772
20.0895	8.37544
34.7494	15.3427
23.7555	8.82636
24.716	8.58137
24.9452	9.53753
24.9525	8.65731
28.8046	10.0179
28.1768	9.10325
29.3857	9.19028
10.7804	9.83061
11.1655	9.83973
32.4459	16.0452
16.6498	11.6141
14.5145	10.1473
15.908	10.6654
16.3213	10.1289
17.2658	10.8363
20.0361	11.3903
20.7688	10.6787
19.5967	9.99766
20.318	9.33044
33.1457	16.0868
32.901	16.6517
24.9762	9.56558
26.1865	10.3463
27.4438	10.5324
28.5605	11.2257
29.4324	10.9325
30.4289	10.8488
12.1751	10.471
32.8961	16.4242
15.6666	11.7968
17.1825	12.4604
17.0652	11.5133
17.0603	10.9603
18.2104	11.5437
19.3035	12.1019
20.2688	12.3628
21.9833	11.2948
23.213	11.5649
24.3215	12.0207
31.836	16.5664
29.7623	16.4083
26.5488	11.3337
27.4367	11.4063
29.4279	16.0677
29.6771	11.919
30.1056	11.795
31.8291	11.3657
12.757	11.851
13.5211	11.2167
14.8667	11.9257
16.2123	12.6348
17.5794	13.3267
18.184	12.4624
19.2379	12.2404
20.336	12.7546
27.3804	15.4247
23.6579	12.6429
22.5953	12.2433
23.5443	12.5541
25.242	12.7494
27.131	13.9728
28.1698	15.1446
27.5859	11.8046
28.623	12.2755
29.7009	12.4666
30.7787	12.6576
32.2145	12.2168
13.7419	12.2157
24.8015	15.4032
23.9942	15.8493
18.3215	14.0855
18.8473	13.9874
19.4047	13.2729
20.3505	13.8647
21.5923	13.4443
23.7186	13.6411
24.7205	13.0425
25.6454	12.8406
24.5949	12.6973
26.1624	13.4781
28.0995	14.4674
27.7373	12.7931
28.5177	12.1677
29.8274	13.2062
31.3211	13.6715
32.0589	13.1689
32.9766	12.7985
14.0905	13.2239
16.6083	14.598
17.2464	15.5264
19.0635	14.8443
20.0795	14.8669
20.2481	14.385
21.2963	14.4565
22.4734	15.061
22.8486	14.1341
24.7651	13.9337
25.6926	13.802
26.0173	13.7914
26.8716	14.3055
22.8772	15.8404
29.0681	14.9621
30.8366	16.5279
31.4416	15.7317
31.0318	14.1368
32.3925	14.1535
33.2295	13.7186
15.4941	14.4323
16.1322	15.3607
18.2913	16.1789
19.6124	15.7406
20.9014	15.4619
21.6578	14.9988
22.3614	14.9211
23.4732	15.0817
24.1082	14.5291
25.2929	14.7254
26.4616	14.7132
27.5702	15.1383
28.6663	15.7733
30.0367	15.4568
30.9491	16.0529
31.8287	16.6537
32.2566	15.7958
32.2362	15.0674
33.4078	14.9011
34.3355	14.2639
15.7373	15.2967
16.2473	13.7745
19.3363	16.8313
20.3038	16.5267
20.5979	15.571
21.9612	16.2101
