-0.0106608	-0.00568736
0.989332	-0.00230998
2.00285	0.00258424
3.00267	0.0215746
4.00233	-0.00452252
5.00225	0.0080088
5.99977	0.00197092
7.00088	-0.00345987
7.99569	-0.00651745
8.98934	-0.00905524
0.486415	0.862022
1.48641	0.865397
2.48632	0.877945
3.48598	0.851855
4.48591	0.864389
5.50626	0.871712
6.46708	0.594547
7.41746	0.905643
8.49474	0.860062
9.48642	0.858646
0.00127766	1.73646
0.983492	1.72973
2.00882	1.71809
3.00874	1.73063
4.0084	1.70454
5.00832	1.71708
6.0147	1.73281
6.99469	1.81188
7.99464	1.80262
8.99183	1.72777
0.498358	2.60416
1.49801	2.57779
2.49793	2.59031
3.53141	2.58316
4.53643	2.59873
9.54513	7.78686
6.5166	2.59774
7.50269	2.67324
8.50265	2.66398
9.49876	2.57584
0.0213723	3.48307
1.02102	3.4567
2.02094	3.46922
3.0206	3.44285
4.02052	3.45538
5.02193	3.47297
6.02191	3.46681
7.0219	3.46069
8.07708	3.49182
9.07704	3.48257
0.548254	4.33301
1.54791	4.30664
2.54784	4.31915
3.54769	4.33653
4.52725	4.34204
5.52723	4.33591
6.5272	4.32976
7.52718	4.32365
8.58508	4.35318
9.54874	4.36433
0.0323162	5.18964
1.06971	5.1849
2.06963	5.19738
3.03271	5.19373
4.03256	5.21111
5.03255	5.20499
6.0325	5.19887
7.03248	5.19271
8.03246	5.18661
9.03237	5.19995
8.54514	7.7835
1.55886	6.0571
2.55878	6.06958
3.53801	6.05668
4.53786	6.07406
5.53784	6.06795
6.53782	6.0618
7.5378	6.05571
8.52086	6.05923
9.5546	6.05275
0.0480497	6.92253
1.04802	6.93018
2.04802	6.92929
3.04802	6.9284
4.04321	6.94315
5.04319	6.93704
6.04316	6.93089
7.04314	6.92473
8.04312	6.91864
9.0431	6.91203
0.545132	7.79023
1.54879	7.79576
2.54879	7.79487
3.53277	7.80305
4.54848	7.8061
5.54847	7.79995
6.5485	7.79382
7.54849	7.78775
