-1.39588	-1.58086
-1.13579	-2.54644
3.93666	0.407393
3.24643	0.749317
3.79197	-0.687811
3.71674	-0.592597
5.95616	0.480179
6.71381	-0.0171868
7.72521	-0.377997
8.86087	-0.406906
10.9032	-0.478869
37.8117	16.0461
11.5595	-0.439221
13.5919	0.507929
14.6387	0.381891
15.7336	0.0678881
16.8276	0.461823
17.971	0.622716
18.8987	0.266157
19.068	-0.694941
1.83958	0.0955593
2.99367	0.740212
4.14775	1.38486
4.30984	1.43004
38.33	16.9013
6.97742	1.17021
7.04112	1.16523
7.75482	0.586759
8.696	0.263299
10.3092	0.228679
11.5807	0.524332
12.7291	0.557719
12.5595	-0.427795
14.4819	1.38713
15.3246	0.995026
16.1918	1.0714
17.8058	1.53525
18.9656	1.24224
19.7586	0.776622
20.4619	-0.0513524
1.28101	0.729999
2.81224	1.72362
4.40273	2.3518
5.37325	2.11076
34.7948	16.7054
7.04716	2.16777
7.9987	1.86023
8.29321	1.5789
8.63428	1.19263
9.64899	0.925719
11.4503	0.830197
12.5915	1.43171
13.6021	1.34612
15.5286	2.13322
15.4611	1.14965
35.7234	17.0766
18.8937	2.43566
19.9868	2.58335
20.0116	1.7441
20.5479	1.03799
1.66439	1.65359
3.41699	2.52004
35.7564	16.2204
6.81311	2.98961
35.0293	16.8017
9.06937	3.54903
9.01997	2.55025
9.51374	1.79852
10.739	1.35432
11.8162	1.82003
13.561	3.03033
14.0139	2.13877
14.5254	2.09095
16.6047	2.8266
16.0329	1.98811
18.818	3.44245
19.7801	3.41729
21.0508	2.43968
22.2432	2.68481
21.4523	1.77103
32.7116	17.0685
2.44729	2.27573
6.70948	4.69457
7.42596	3.99697
8.22982	3.57796
31.7213	16.9292
10.0693	3.53564
9.83416	2.67857
10.7403	2.34808
13.9707	2.75145
12.8935	2.28574
13.3464	1.39418
15.4363	2.84583
16.5567	3.25491
17.6783	3.54872
19.8288	3.67844
20.8911	3.95985
21.7417	3.30782
22.815	3.66803
23.4827	3.0504
4.25974	2.78926
3.44509	2.20931
7.66179	4.99972
8.49798	4.50732
9.48132	4.41199
30.7216	16.9528
11.1928	4.28304
10.631	3.36897
11.9448	2.8579
15.048	3.21715
15.9748	3.91792
16.7646	3.69881
17.3057	3.97235
18.7206	4.21762
18.8096	3.98215
19.7707	4.64179
21.9659	4.69949
22.9476	4.57403
23.9186	4.40748
24.526	3.75317
6.20029	4.76655
30.0752	16.154
8.60913	5.41761
9.5353	5.00151
9.67609	5.38356
10.7276	5.26539
12.1471	5.02434
12.1471	5.02434
13.1492	3.36773
14.3536	3.87755
15.6276	4.24812
16.9015	4.61868
18.0547	4.6898
19.2037	5.20487
19.8471	4.50274
20.8298	5.09169
21.9852	5.67805
23.033	5.48501
23.8637	4.97488
25.2018	4.82083
8.93418	6.71159
9.97923	6.94952
9.29421	6.18353
10.6157	5.422
11.5539	6.00553
12.0101	5.93972
13.1013	5.76564
14.0905	5.9121
15.0553	6.17521
30.4746	16.0328
18.8513	5.76775
18.1085	5.09766
19.3154	5.57599
20.4059	5.82067
27.7655	16.1632
23.0319	6.33281
23.9474	6.78708
24.3084	5.87058
25.5652	6.32561
26.4942	5.72238
7.8239	6.406
9.96303	7.03971
10.9919	7.36783
26.8054	16.3495
13.4927	7.465
12.5233	6.73527
13.097	6.77422
14.4168	6.46622
15.1245	7.17282
25.7253	16.7449
18.8411	6.63767
19.5996	6.43164
20.3926	6.11198
20.5499	6.46513
21.75	6.40509
22.8971	6.94214
24.0533	6.98638
24.9596	6.62165
25.9211	6.34675
26.822	6.78063
8.96315	7.12689
10.1566	7.78671
11.8594	8.1061
12.839	8.21649
14.4483	8.21235
15.1444	7.49445
14.1726	7.63163
15.7323	7.1668
17.0479	7.86738
18.4985	7.57712
19.4152	7.45645
20.3479	7.0956
21.4372	6.72232
21.8821	7.34001
22.7776	7.08451
23.6008	7.83426
25.3105	7.52905
27.5047	7.70118
28.1401	8.50169
28.0187	7.52801
24.8456	16.9737
10.5528	8.70484
11.4654	8.29583
12.7742	8.80495
13.7575	8.5792
15.4039	8.9597
15.2482	8.48905
23.1307	16.0615
23.0464	17.0579
18.3634	8.56795
19.4726	8.45481
20.4525	8.07386
21.2929	7.43104
22.3322	7.42387
23.3471	8.00536
24.5689	8.60728
24.9375	9.20671
26.5678	8.07172
27.812	8.63063
29.1438	8.37673
11.8547	8.89072
11.4773	9.08621
22.2196	17.5148
14.1597	9.48692
16.3629	9.70587
16.3238	9.34647
18.6906	13.8312
18.0406	14.5911
18.4883	9.56011
19.4778	9.41547
20.3615	9.07036
21.0322	8.35973
36.3785	15.2635
24.6304	8.75771
25.5847	8.52594
25.9071	9.45127
25.819	8.73459
29.8195	9.99967
29.067	9.12863
30.2915	9.20871
11.7647	9.88666
12.1154	9.85615
34.2023	15.8998
17.9742	11.7224
15.546	10.1546
17.0291	10.7019
17.3966	10.2043
18.407	10.908
21.2854	11.4637
22.0092	10.7445
20.7372	10.0492
21.356	9.28628
34.851	15.997
34.6606	16.6287
25.9435	9.48413
27.2503	10.2575
28.5492	10.4611
29.7427	11.1398
30.572	10.8707
31.5614	10.7252
13.2379	10.5646
34.6867	16.3747
16.9876	11.8853
18.5611	12.532
18.2914	11.5864
18.2086	11.0095
19.4174	11.6117
20.5616	12.1829
21.5297	12.4334
23.3153	11.3875
24.6035	11.6577
25.7557	12.1353
33.617	16.529
31.5419	16.4717
27.7781	11.178
28.6339	11.3206
31.201	16.0752
30.9363	11.8184
31.3473	11.702
33.1334	11.5479
14.0799	12.0246
14.7027	11.2691
16.1402	11.9808
17.5778	12.6926
19.0204	13.4006
19.5472	12.5023
20.5118	12.3179
21.6576	12.8306
29.0878	15.4664
25.0921	12.7537
24.0041	12.3318
24.9656	12.6394
26.7381	12.8544
28.7225	14.0554
29.9909	15.1576
28.846	11.674
29.9139	12.17
31.0183	12.3516
32.1226	12.5333
33.8895	12.0984
15.1339	12.1947
26.4737	15.4435
25.7002	15.9027
19.8554	14.1387
20.3476	14.0545
20.8657	13.3205
21.8594	13.9173
23.013	13.5348
25.2369	13.7431
26.1801	13.1755
27.0959	12.9832
26.0307	12.8113
27.7205	13.5735
29.7246	14.5373
28.98	12.665
29.7712	12.0534
31.2162	13.1051
32.763	13.5292
33.5016	13.0437
34.4486	12.8379
15.5752	13.178
18.2422	14.6034
18.936	15.5245
20.6904	14.8768
21.7232	14.8806
21.8032	14.4385
22.8531	14.5141
24.0847	15.198
24.3685	14.2391
26.3599	14.0452
27.2596	13.8773
27.6161	13.872
28.4774	14.3844
24.5832	15.8905
30.7266	15.0192
32.5831	16.5663
33.1808	15.7646
32.5186	14.0402
33.867	14.0402
34.73	13.6953
17.1002	14.4428
17.794	15.3639
20.0414	16.1759
21.3165	15.7719
22.5417	15.507
23.2891	15.0502
23.9526	15.0129
25.0845	15.1745
25.6906	14.6131
26.9057	14.815
28.1003	14.7787
29.2404	15.1927
30.3912	15.8322
31.7286	15.5011
32.6818	16.0804
33.5762	16.6831
33.9476	15.8113
33.8209	14.9754
34.9801	14.7796
35.9035	14.2064
17.3403	15.305
17.7074	13.6482
21.1468	16.8273
22.1097	16.5106
22.2859	15.5263
23.6742	16.261
