-1.4643	-1.74056
-2.46145	-1.81592
4.11291	0.398879
3.35327	0.800256
3.7188	-0.694421
3.75023	-0.748276
6.02212	0.538888
6.73251	0.0518126
7.72562	-0.328513
8.85977	-0.38654
10.9157	-0.490295
39.7512	15.7922
11.5639	-0.442789
13.657	0.55218
14.6924	0.377633
15.7692	-0.0178035
16.8704	0.356376
18.0252	0.513297
18.8879	0.064158
19.0606	-0.88939
1.97417	0.00107143
3.15541	0.687303
4.33666	1.37353
4.49522	1.46501
40.416	16.5884
7.11974	1.21177
7.14646	1.23837
7.84314	0.665857
8.76237	0.301739
10.3823	0.24662
11.6905	0.510028
12.8683	0.568291
12.5621	-0.383678
14.6497	1.40932
15.4211	0.917694
16.272	0.983496
17.9707	1.43047
19.1052	1.04705
19.5316	0.83679
20.5377	-0.177103
1.39818	0.582938
2.95812	1.66765
4.65567	2.32128
5.63717	2.12976
36.9754	16.2684
7.2686	2.20063
8.21736	1.88465
8.45279	1.64331
8.76601	1.2782
9.76521	0.972846
11.5717	0.837195
12.7611	1.42777
13.7844	1.36729
15.7704	2.15941
15.6445	1.19765
37.6869	16.9721
19.1579	2.32802
20.257	2.43677
20.1753	1.60934
20.727	0.933491
1.9639	1.40754
3.65754	2.38236
37.7343	16.1318
7.2153	3.04781
37.0623	16.7815
9.51716	3.53688
9.31499	2.55753
9.68888	1.89054
10.8987	1.41635
12.0289	1.87068
13.8508	3.04722
14.2622	2.13576
14.7727	2.1064
16.9217	2.82251
16.2831	2.01008
19.2196	3.34136
20.1695	3.28386
21.3199	2.29181
22.5561	2.5516
21.6965	1.62599
34.7397	17.1123
2.70451	2.07947
7.29735	4.81789
7.93825	4.05027
8.72307	3.63399
33.7603	16.9103
10.517	3.5192
10.0831	2.76727
10.977	2.41102
14.2893	2.77934
13.1591	2.32502
13.5705	1.41356
15.7633	2.84376
16.9277	3.28289
18.0759	3.54149
20.2393	3.59513
21.3176	3.85124
22.1061	3.12588
23.1939	3.53883
23.8575	2.93161
4.55418	2.72177
3.69621	2.20808
8.2714	5.04423
9.081	4.53197
10.0596	4.47251
32.7648	17.0054
11.7195	4.27311
10.9629	3.43926
12.2329	2.90862
15.4196	3.23366
16.4102	3.91764
17.176	3.69547
17.7479	3.97545
19.1881	4.19892
19.2449	3.95692
20.2806	4.56157
22.4605	4.59371
23.424	4.43216
24.3844	4.27975
24.9723	3.63018
6.73521	4.7314
32.0486	16.158
9.23061	5.48569
10.153	5.05567
10.3361	5.42159
11.3924	5.33303
12.7516	5.01457
12.7516	5.01457
13.4888	3.40623
14.7447	3.90384
16.0727	4.25273
17.4008	4.60162
18.568	4.668
19.7629	5.17038
20.3538	4.43562
21.3806	4.99863
22.6069	5.57251
23.6387	5.32537
24.1947	5.07798
25.7356	4.70487
9.73231	6.64157
10.7955	6.8755
10.0131	6.18057
11.2685	5.51047
12.2664	6.0725
12.7299	5.99748
13.7838	5.75602
14.7702	5.92038
15.7408	6.16087
32.5152	16.0252
19.4755	5.76695
18.6738	5.10742
19.9298	5.55642
21.0375	5.78703
29.7134	16.1944
23.727	6.2365
24.663	6.65747
24.9653	5.72382
26.2767	6.20924
27.1513	5.64071
8.57979	6.32909
10.7869	6.97373
11.8416	7.3059
28.7618	16.4257
14.3827	7.5437
13.3245	6.8081
13.9291	6.78315
15.1892	6.46966
15.9285	7.1431
27.7242	16.7895
19.732	6.67348
20.2771	6.42644
21.0479	6.1016
21.2572	6.42427
22.465	6.37691
23.6543	6.90771
24.8175	6.89887
25.6668	6.42407
26.6613	6.31924
27.5881	6.69467
9.7783	7.04576
11.015	7.71807
12.7944	8.02294
13.7531	8.32035
15.4405	8.2799
16.1139	7.54067
15.0986	7.65594
16.5947	7.18331
18.0001	7.89695
19.3836	7.61084
20.1975	7.55849
21.0788	7.08592
22.1418	6.70938
22.6671	7.28972
23.558	7.04889
24.4394	7.7727
26.1402	7.46528
28.411	7.69528
29.0887	8.45436
28.8626	7.49486
26.8438	17.0123
11.4544	8.61634
12.3773	8.23114
13.7395	8.74422
14.7229	8.57925
16.4982	9.0161
16.268	8.52873
25.0427	16.1311
25.0486	17.1313
19.4056	8.6106
20.5119	8.5078
21.4116	8.03349
22.0905	7.2679
23.1296	7.3597
24.2076	7.9344
25.4971	8.51886
25.9523	9.29374
27.463	8.0317
28.7764	8.60868
30.0929	8.36206
12.6453	8.97714
12.1742	9.3105
24.2648	17.624
15.2226	9.44739
17.535	9.75636
17.4374	9.40152
19.8295	14.5094
18.9186	14.9219
19.6486	9.58063
20.6386	9.43983
21.493	9.04378
22.0907	8.25163
38.2162	15.1137
25.5773	8.68582
26.5274	8.48371
26.9498	9.36427
26.821	8.79839
30.9516	9.99446
30.0942	9.14582
31.3377	9.21969
12.9136	9.94048
12.9629	9.92539
36.2656	15.5631
19.4628	11.8427
16.7059	10.1534
18.2971	10.7413
18.6256	10.2737
19.7097	10.977
22.6972	11.5022
23.3915	10.7502
22.009	10.0141
22.4968	9.15322
36.7066	15.8766
36.5783	16.5894
26.9898	9.40305
28.4022	10.1713
29.7548	10.4336
31.0217	11.0899
31.8089	10.8431
32.7903	10.6515
14.4896	10.6613
36.6534	16.2987
18.4772	12.0117
20.1134	12.6022
19.6864	11.6668
19.5108	11.0584
20.7937	11.6803
22.0028	12.2541
22.9812	12.461
24.8079	11.4337
26.1619	11.7098
27.3649	12.2073
35.5725	16.4655
33.5147	16.508
29.4741	10.4778
29.8119	11.307
33.1802	16.0957
32.2886	11.7462
32.6807	11.6454
34.6641	11.6546
15.5796	12.1972
16.068	11.3648
17.5963	12.0694
19.1246	12.7739
20.6481	13.4817
21.0766	12.5472
21.9666	12.4063
23.165	12.9052
30.9888	15.4858
26.7031	12.8318
25.5836	12.3794
26.5636	12.6822
28.4107	12.9217
30.4912	14.1081
32.0164	15.1585
30.3833	11.2567
31.2925	12.0357
32.4225	12.2418
33.5525	12.4478
35.5214	12.0424
16.6519	12.2362
28.3421	15.4824
27.6017	15.9616
21.5607	14.2296
22.0364	14.1254
22.5008	13.365
23.5501	13.9695
24.6278	13.6222
26.9357	13.8043
27.8226	13.2841
28.7309	13.1194
27.6473	12.9008
29.4564	13.636
31.5259	14.5802
30.2145	12.2424
31.1525	11.8957
32.7132	12.9768
34.2997	13.4249
35.029	12.9622
35.9591	12.8621
17.2047	13.189
19.9145	14.9741
20.7095	15.8424
22.4733	14.9776
23.5184	14.9508
23.5462	14.4904
24.5995	14.574
25.9018	15.3211
26.0907	14.3391
28.1353	14.1195
29.0085	13.9245
29.3837	13.9346
30.2651	14.4298
26.486	15.9375
32.5607	15.0523
34.4941	16.595
35.0859	15.7889
34.134	13.9178
35.473	13.93
36.3456	13.6625
18.7404	14.8879
19.5354	15.7562
21.9059	16.4224
23.1982	15.8684
24.3735	15.55
25.1127	15.0999
25.7474	15.1009
26.9001	15.2633
27.4744	14.6896
28.7116	14.8726
29.9289	14.8135
31.0972	15.2145
32.306	15.8612
33.5954	15.5245
34.5896	16.0872
35.4881	16.7045
35.7975	15.8219
35.5547	14.8588
36.7144	14.6333
37.5721	14.2288
18.7733	15.9113
19.0168	13.9268
23.1022	17.0023
24.0457	16.6225
24.1727	15.6326
25.5845	16.3065
