-1.61633	-1.66765
-2.526	-2.08296
4.26163	0.39365
3.48545	0.783076
3.68336	-0.785815
3.68118	-0.747863
6.08487	0.556905
6.74439	0.103579
7.72192	-0.280254
8.85087	-0.365049
10.9159	-0.492316
41.8255	15.8101
11.5626	-0.451737
13.7144	0.612949
14.7325	0.403973
15.7861	-0.0574672
16.8707	0.307849
18.0356	0.49145
18.8868	0.0561517
19.0066	-0.885389
2.07692	0.00652373
3.30399	0.6816
4.53106	1.35667
4.70632	1.45356
42.5708	16.5934
7.27248	1.2004
7.25124	1.28082
7.93612	0.730478
8.8338	0.343593
10.4508	0.272579
11.7937	0.509182
13.0039	0.595282
12.5504	-0.29595
14.8128	1.45469
15.4906	0.867591
16.3204	0.9585
18.1106	1.39051
19.1652	1.02182
19.5883	0.813334
20.5846	-0.148634
1.50323	0.558664
3.13252	1.66679
4.93792	2.27016
5.92719	2.12404
38.991	16.2125
7.51496	2.17056
8.4601	1.84389
8.62225	1.68255
8.89894	1.37363
9.88959	1.03473
11.6915	0.855967
12.9321	1.43935
13.9701	1.40516
16.0181	2.21043
15.8269	1.27851
39.7734	16.9075
19.4144	2.28271
20.5179	2.36257
20.2898	1.57051
20.911	0.976436
2.21605	1.26002
3.93797	2.25946
39.9341	16.0965
7.66773	3.0804
39.2957	16.7914
10.0345	3.40957
9.64771	2.48739
9.86175	2.01679
11.0689	1.50659
12.2554	1.9506
14.1613	3.08923
14.5177	2.15491
15.0286	2.14342
17.2459	2.84692
16.5364	2.06271
19.6256	3.28406
20.5598	3.20798
21.5759	2.23535
22.8685	2.51698
21.9391	1.59508
36.9648	17.1587
3.02932	1.8419
7.96605	4.91599
8.51008	4.07692
9.27516	3.66329
35.998	16.9029
11.0342	3.38567
10.3136	2.92939
11.1981	2.50515
14.6284	2.8386
13.4419	2.3946
13.7983	1.46028
16.1033	2.87047
17.3208	3.33639
18.4903	3.56643
20.6597	3.55745
21.7518	3.80357
22.4756	3.0232
23.5859	3.49877
24.2403	2.89409
4.76606	2.83281
3.9083	2.31877
8.95609	5.0568
9.73011	4.51816
10.706	4.49985
35.0107	17.0613
12.2947	4.20775
11.3279	3.51873
12.5152	2.98768
15.815	3.28259
16.872	3.94831
17.6097	3.72744
18.2157	4.00814
19.678	4.21741
19.6948	3.9691
20.8012	4.51908
22.9795	4.54003
23.9408	4.37075
24.8782	4.22542
25.4375	3.57391
7.29115	4.77157
34.2092	16.163
9.93851	5.52172
10.8478	5.06057
11.0793	5.41419
12.1359	5.35764
13.4138	4.95556
13.4138	4.95556
13.8322	3.47021
15.1492	3.95274
16.5392	4.28338
17.9291	4.61402
19.1107	4.67989
20.3538	5.17088
20.8797	4.40184
21.9451	4.94562
23.2434	5.51148
24.2516	5.22634
24.7813	4.99059
26.2989	4.64701
10.5776	6.59885
11.6591	6.81596
10.7988	6.16882
12.0078	5.53845
13.0702	6.08342
13.5268	6.01033
14.5329	5.70337
15.5083	5.92348
16.4845	6.14054
34.7239	16.0447
20.1622	5.79491
19.2849	5.1483
20.5892	5.57064
21.7129	5.79063
31.8517	16.2208
24.4567	6.17949
25.4136	6.56433
25.6219	5.61044
26.9989	6.1291
27.8474	5.60256
9.3804	6.28868
11.6623	6.92969
12.7469	7.26052
30.9112	16.4944
15.3947	7.55518
14.2325	6.8193
14.8363	6.74017
16.0349	6.43207
16.7838	7.09468
29.9111	16.8124
20.7742	6.75795
21.0396	6.4415
21.7587	6.11558
22.0185	6.42015
23.2349	6.38942
24.4718	6.91254
25.6358	6.84513
26.3963	6.23652
27.3861	6.44211
28.3759	6.64777
10.6447	6.99422
11.9321	7.67181
13.7859	7.96804
14.7555	8.32102
16.5519	8.29837
17.2068	7.54266
16.115	7.63262
17.5369	7.16077
19.039	7.88947
20.312	7.64474
21.1225	7.69533
21.917	7.08808
22.9125	6.71157
23.5137	7.27247
24.4017	7.05405
25.346	7.74561
27.036	7.43062
29.3928	7.71548
30.1196	8.41424
29.76	7.48788
29.0248	17.0109
12.4212	8.544
13.3535	8.18238
14.775	8.69294
15.7482	8.60544
17.7091	9.04155
17.3936	8.52506
27.1964	16.1342
27.3086	17.1291
20.541	8.61817
21.6437	8.54879
22.4447	7.98644
22.9643	7.1461
23.9905	7.32426
25.1333	7.89967
26.4955	8.47252
27.0744	9.37173
28.4361	8.0161
29.8322	8.60566
31.1218	8.36117
13.8993	9.01979
13.1715	9.20515
26.5385	17.6091
16.3747	9.40282
18.824	9.78877
18.6722	9.41751
21.7923	14.2437
20.9871	14.8369
20.9031	9.55032
21.896	9.43171
22.7122	8.99087
23.2103	8.12156
40.1686	15.089
26.5957	8.65409
27.5422	8.50677
28.0733	9.32324
27.9511	8.89059
32.193	10.0205
31.2287	9.1801
32.4891	9.23138
14.1899	9.97663
13.7641	10.0106
38.2086	15.5174
21.1002	11.935
17.9796	10.1316
19.6961	10.7549
19.9901	10.3112
21.1556	11.0179
24.2511	11.5151
24.9013	10.724
23.3803	9.94355
23.7084	8.99423
38.6905	15.8166
38.6386	16.5733
28.1158	9.36929
29.6444	10.1378
31.0474	10.4127
32.3943	11.0644
33.1573	10.8609
34.1335	10.644
15.8907	10.7219
38.8256	16.2558
20.1173	12.1194
21.8155	12.6338
21.2373	11.7151
20.9499	11.0811
22.3211	11.7246
23.6008	12.3062
24.5895	12.4561
26.4522	11.4563
27.8815	11.7438
29.1432	12.2599
37.7171	16.415
35.6792	16.5403
30.7348	10.5175
31.2068	11.262
35.3672	16.127
33.7412	11.7161
34.1252	11.644
36.3608	11.6303
17.194	12.2979
17.5878	11.4311
19.2081	12.1268
20.8284	12.8224
22.4425	13.5223
22.7585	12.5592
23.5904	12.47
24.8397	12.9585
33.0732	15.4977
28.4885	12.886
27.3266	12.4076
28.3322	12.7056
30.2558	12.9728
32.4375	14.1529
34.2505	15.1638
31.7556	11.253
32.7765	11.9885
33.9347	12.2078
35.093	12.427
37.2055	12.0701
18.2665	12.2774
30.3933	15.5122
29.6843	16.0134
23.4577	14.2622
23.8936	14.1605
24.2927	13.3746
25.4055	13.9898
26.4193	13.6891
28.809	13.8332
29.6504	13.3644
30.5513	13.2534
29.4418	12.9795
31.3685	13.6857
33.5065	14.6202
31.7344	12.2528
32.6108	11.7713
34.3264	12.9331
35.9565	13.3888
36.6779	12.9619
37.5913	12.9291
18.9518	13.1821
21.9056	14.9238
22.7568	15.7908
24.473	15.002
25.5247	14.9271
25.4595	14.5055
26.5183	14.6051
27.9063	15.4153
27.999	14.4196
30.0827	14.1567
30.9352	13.9525
31.3175	13.9939
32.2281	14.4632
28.5702	15.9552
34.5754	15.0874
36.5672	16.6228
37.1793	15.8319
35.8763	13.8777
37.2183	13.899
38.1024	13.6533
20.6945	14.8264
21.5457	15.6934
24.0277	16.3851
25.3285	15.8683
26.3788	15.5505
27.1137	15.1171
27.7288	15.1578
28.903	15.3342
29.4449	14.7493
30.6964	14.903
31.9371	14.8325
33.1321	15.2259
34.4057	15.8831
35.6444	15.5546
36.683	16.1
37.5581	16.7574
37.7917	15.8628
37.4262	14.8223
38.5771	14.5869
39.4294	14.2105
20.8312	15.8246
20.8761	13.843
25.2985	16.9794
26.2509	16.6205
26.3144	15.6329
27.6728	16.3102
