-1.79034	-1.52209
-2.41502	-2.30297
4.41223	0.407381
3.61084	0.778134
3.61439	-0.86974
3.59354	-0.735934
6.14926	0.572226
6.76709	0.14709
7.7287	-0.235222
8.84983	-0.353003
10.9235	-0.507173
44.1004	15.8464
11.5765	-0.448099
13.7939	0.675281
14.7947	0.451901
15.8115	-0.0680128
16.8569	0.255315
18.0274	0.48715
18.869	0.0758242
18.9479	-0.847561
2.18216	0.0397368
3.45536	0.697888
4.72856	1.35603
4.92101	1.45548
44.9295	16.6213
7.41516	1.20316
7.37688	1.31085
8.05574	0.791217
8.92567	0.376004
10.5383	0.283735
11.9148	0.496197
13.1609	0.608903
12.538	-0.173411
15.0041	1.50621
15.5786	0.839617
16.3928	0.959036
18.2601	1.33888
19.2192	1.01452
19.6394	0.811751
20.648	-0.0724629
1.64472	0.604414
3.38756	1.69559
5.23484	2.2184
6.23117	2.13283
41.1742	16.1368
7.73273	2.15139
8.68106	1.8341
8.82642	1.7132
9.08362	1.43982
10.0463	1.07984
11.8357	0.860143
13.1331	1.43655
14.1877	1.42595
16.3043	2.26192
16.0386	1.36902
42.0336	16.8221
19.6912	2.22452
20.7947	2.27902
20.4098	1.54767
21.109	1.05959
2.49654	1.1842
4.23488	2.22668
42.4138	16.1051
8.15563	3.12774
41.7718	16.8179
10.4756	3.31386
9.94695	2.46504
10.1115	2.08842
11.2881	1.5539
12.5374	1.98815
14.5089	3.11402
14.8124	2.16119
15.3259	2.16377
17.6103	2.86994
16.8244	2.11947
20.0612	3.19376
20.9772	3.11159
21.8473	2.19962
23.1967	2.506
22.1869	1.61652
39.4274	17.2024
3.34837	1.76397
8.68406	5.01509
9.12221	4.11619
9.87082	3.71274
38.4733	16.9027
11.4752	3.3425
10.6905	2.99369
11.5325	2.53578
15.0359	2.85666
13.7866	2.42241
14.0901	1.46958
16.4918	2.88585
17.7706	3.37579
18.9553	3.58534
21.1131	3.50698
22.2159	3.75438
22.8669	2.93363
24.0085	3.47385
24.6334	2.85179
5.05204	2.92351
4.20021	2.34373
9.68212	5.07741
10.4206	4.51557
11.4012	4.54667
37.4975	17.121
12.8626	4.18268
11.795	3.5325
12.9023	3.01429
16.2851	3.2909
17.41	3.9468
18.1053	3.74962
18.7476	4.02765
20.227	4.22982
20.1916	3.9739
21.3699	4.45672
23.5396	4.48623
24.495	4.31402
25.4057	4.18161
25.9038	3.50336
7.83975	4.8986
36.5916	16.1551
10.7014	5.55557
11.5956	5.06746
11.8798	5.41096
12.9333	5.39866
14.0903	4.92741
14.0903	4.92741
14.2721	3.49279
15.6419	3.9713
17.0883	4.287
18.5348	4.6027
19.7245	4.67953
21.0156	5.1613
21.4592	4.35534
22.5612	4.87849
23.9346	5.43831
24.9135	5.11896
25.4121	4.9094
26.8917	4.5804
11.4835	6.55319
12.581	6.75861
11.6412	6.15707
12.8067	5.56573
13.9368	6.10295
14.3728	6.04241
15.3181	5.67214
16.2891	5.91131
17.2642	6.13307
37.1652	16.0516
20.9475	5.803
19.9849	5.16812
21.3329	5.57478
22.4696	5.78682
34.2098	16.2416
25.2563	6.11285
26.2324	6.46924
26.3292	5.50479
27.7709	6.05044
28.5902	5.55953
10.2384	6.24303
12.6033	6.88171
13.7231	7.21023
33.2858	16.5664
16.493	7.57803
15.2149	6.84049
15.7901	6.70917
16.9301	6.40647
17.7155	7.02543
32.3176	16.8299
21.8998	6.88239
21.9102	6.43786
22.5565	6.13199
22.871	6.40518
24.0945	6.39765
25.3811	6.91258
26.5364	6.78346
27.1908	6.05689
28.2018	6.32648
29.2127	6.59609
11.5768	6.93347
12.9208	7.61672
14.8539	7.91608
15.8398	8.32814
17.762	8.32916
18.3931	7.5535
17.2005	7.61932
18.5421	7.1408
20.154	7.87513
21.3346	7.70734
22.2196	7.82986
22.8728	7.07271
23.7759	6.71059
24.4561	7.2415
25.3426	7.05406
26.3506	7.70843
28.0222	7.38763
30.4715	7.73482
31.257	8.34128
30.7361	7.48143
31.421	17.0029
13.4663	8.45484
14.4098	8.12355
15.8988	8.63036
16.8546	8.66854
19.031	9.08029
18.611	8.52948
29.5453	16.1663
29.7813	17.1419
21.766	8.60946
22.8676	8.59148
23.5489	7.93868
23.9375	7.06343
24.9453	7.29035
26.1568	7.85653
27.5955	8.42106
28.3153	9.40698
29.508	7.9918
30.9975	8.59266
32.2535	8.36473
15.3543	9.06217
14.2032	9.13079
29.0197	17.6004
17.6267	9.35206
20.2373	9.83326
20.0214	9.43964
24.1712	14.0647
23.4977	14.8038
22.2511	9.48395
23.2478	9.40299
24.0156	8.91978
24.3987	7.98948
42.3002	15.0748
27.7172	8.61068
28.657	8.54919
29.3064	9.27394
29.2015	8.94369
33.5643	10.04
32.4881	9.20454
33.7666	9.24976
15.6177	10.0268
14.8274	9.91209
40.3148	15.4514
22.9206	12.02
19.3735	10.1047
21.2337	10.7701
21.491	10.3543
22.7509	11.063
25.9547	11.5209
26.5385	10.6807
24.8453	9.85097
24.9902	8.83378
40.8354	15.7315
40.8839	16.5687
29.351	9.3278
31.0044	10.0968
32.4577	10.3867
33.8881	11.0345
34.6405	10.8754
35.6134	10.6445
17.4688	10.8039
41.2611	16.2456
21.9433	12.2322
23.6864	12.6631
22.9534	11.765
22.534	11.1075
24.0107	11.7718
25.3708	12.3611
26.3683	12.4313
28.2559	11.4683
29.7744	11.7734
31.1041	12.3092
40.1084	16.386
38.0703	16.5681
32.1233	10.5561
32.7258	11.1948
37.7963	16.1667
35.3185	11.6823
35.7039	11.6404
38.1665	11.609
18.9427	12.3694
19.2886	11.5034
20.9988	12.1893
22.7091	12.8752
24.4194	13.5612
24.604	12.5773
25.3974	12.5346
26.6978	13.0123
35.3701	15.4968
30.463	12.9206
29.2436	12.4276
30.2826	12.7237
32.2932	13.0206
34.5934	14.1971
36.7086	15.1619
33.2558	11.2429
34.3883	11.9296
35.5778	12.1675
36.7674	12.4053
39.009	12.1054
20.0293	12.343
32.6523	15.541
31.9779	16.0761
25.5411	14.2986
25.9382	14.1976
26.2553	13.3876
27.4428	14.0126
28.406	13.7543
30.8654	13.8361
31.6824	13.4137
32.5715	13.3977
31.4271	13.0607
33.4823	13.732
35.7045	14.6621
33.3853	12.2344
34.1793	11.6265
36.0773	12.8751
37.7517	13.3473
38.4697	12.9676
39.3644	13.0106
20.8524	13.1877
24.0633	14.8808
24.9778	15.7449
26.6628	15.036
27.7155	14.9262
27.5628	14.5227
28.6304	14.6377
30.1225	15.4962
30.1143	14.4962
32.2179	14.1645
33.059	13.965
33.4423	14.0591
34.3915	14.4928
30.8633	15.9732
36.8156	15.1272
38.8521	16.663
39.5055	15.906
37.7663	13.8206
39.1141	13.8658
40.007	13.6371
22.8097	14.774
23.7242	15.6381
26.3352	16.3527
27.6522	15.8784
28.5824	15.5497
29.3144	15.1364
29.92	15.2113
31.1181	15.4027
31.6237	14.8023
32.882	14.9108
34.1486	14.8385
35.3718	15.2319
36.7211	15.9
37.9267	15.5923
39.0171	16.1211
39.8344	16.8504
39.9668	15.9468
39.4554	14.7661
40.6022	14.5448
41.4478	14.1977
23.0945	15.7189
23.1943	13.851
27.6927	16.9606
28.6581	16.6325
28.6531	15.6528
29.9684	16.3085
