-2.08445	-1.15258
-2.0708	-2.15248
4.5728	0.373302
3.73825	0.721905
3.52523	-0.997415
3.50008	-0.748153
6.22457	0.574137
6.80454	0.185529
7.75948	-0.17212
8.87785	-0.307665
10.9687	-0.467762
46.6045	15.7468
11.7738	-0.200228
13.9057	1.24188
14.9639	1.23895
15.6805	0.458898
16.7585	0.0138356
17.9475	0.355499
18.8028	0.00196375
18.8844	-0.904908
2.29235	0.0141461
3.61461	0.659412
4.93685	1.30468
5.14844	1.40842
47.5016	16.5346
7.57251	1.19927
7.52463	1.32472
8.20448	0.849611
9.05114	0.428528
10.6769	0.338095
12.0926	0.534047
13.3846	0.674213
12.7702	-0.114771
15.2419	2.11037
15.9064	1.44996
16.6461	0.9224
18.3719	1.11083
19.2304	0.899108
19.6588	0.714725
20.7201	-0.06804
1.7952	0.599778
3.65181	1.65872
5.55865	2.08786
6.55863	2.09493
43.6727	15.6007
7.96487	2.11908
8.92047	1.82439
9.06479	1.73502
9.31068	1.49336
10.2431	1.14905
12.043	0.909473
13.409	1.48085
14.4916	1.49508
16.6228	2.72715
16.2649	1.87403
44.6508	16.2004
19.958	2.03091
21.0639	2.07314
20.5147	1.42749
21.2961	1.07732
2.71327	1.15283
4.55868	2.08015
44.5043	17.0691
8.69156	3.13384
44.132	17.8286
10.9494	3.18177
10.2684	2.44952
10.4169	2.1371
11.5599	1.61506
12.8805	2.04021
14.9062	3.17439
15.1932	2.21647
15.7407	2.22685
18.0247	3.18357
17.1448	2.5288
20.4968	2.96784
21.3898	2.88923
22.1168	2.08546
23.5326	2.42471
22.4292	1.57946
42.0814	17.7362
3.63134	1.7059
9.45482	5.0547
9.78709	4.11152
10.5265	3.73377
41.3663	17.0372
11.9399	3.31979
11.1255	3.0217
11.9323	2.55897
15.5216	2.89051
14.2011	2.46536
14.4881	1.50744
16.9775	2.95209
18.3084	3.484
19.486	3.74915
21.5607	3.41991
22.6863	3.62176
23.2601	2.77349
24.4517	3.3789
25.0394	2.7372
5.46748	2.81204
4.54941	2.25897
10.4548	5.05205
11.1652	4.47812
12.163	4.56957
40.3697	17.1198
13.4759	4.16443
12.3136	3.5301
13.3611	3.03972
16.8422	3.31566
18.0408	3.96484
18.7045	3.81002
19.3754	4.09819
20.8494	4.32326
20.7514	4.02982
21.9977	4.35309
24.1286	4.36655
25.076	4.18161
25.9629	4.07415
26.3855	3.36511
8.44286	4.93794
39.2349	16.2223
11.5225	5.53423
12.4086	5.03842
12.7569	5.35955
13.8037	5.42004
14.8248	4.90448
14.8248	4.90448
14.7899	3.52046
16.2187	4.00121
17.7291	4.30762
19.2395	4.61403
20.4424	4.71238
21.7827	5.18768
22.0914	4.32879
23.235	4.77688
24.6786	5.30137
25.6086	4.92715
26.0736	4.75579
27.5218	4.44681
12.4502	6.43851
13.5637	6.64904
12.5431	6.09162
13.6784	5.56093
14.8804	6.09997
15.2914	6.06474
16.1737	5.64454
17.1555	5.83446
18.098	6.16876
39.9097	16.097
21.8532	5.8229
20.7998	5.20161
22.1947	5.59479
23.3418	5.79392
36.8267	16.2859
26.1273	5.98499
27.112	6.30149
27.0712	5.32997
28.5829	5.88792
29.3639	5.4291
11.1482	6.11591
13.612	6.77095
14.7738	7.10338
35.9185	16.65
17.6893	7.58783
16.2849	6.8439
16.81	6.67481
17.9058	6.38687
18.7443	6.93186
34.9704	16.8397
23.171	7.01522
22.9066	6.4442
23.4828	6.16838
23.8526	6.38442
25.0761	6.39171
26.4134	6.87921
27.5401	6.66518
28.022	5.80667
29.0583	6.12625
30.0947	6.44587
12.5723	6.78847
13.9798	7.48307
16.0055	7.81611
17.0068	8.308
19.0823	8.34877
19.695	7.55846
18.3713	7.60231
19.6379	7.12921
21.37	7.87154
22.5372	7.78874
23.5071	7.95705
23.96	7.0655
24.7732	6.70476
25.5357	7.17945
26.4181	7.01697
27.4939	7.61392
29.1339	7.28132
31.7189	7.71625
32.7233	7.6321
31.7722	7.36959
34.0585	16.9782
14.591	8.27456
15.5501	7.99143
17.1203	8.49978
18.0397	8.73653
20.4753	9.10971
19.9326	8.52982
32.1335	16.1665
32.5	17.1068
23.1022	8.61387
24.2089	8.66938
24.7549	7.93118
25.0409	7.04452
26.0383	7.23654
27.322	7.76357
28.8415	8.30358
29.7319	9.3997
30.7278	7.89745
32.3122	8.52015
33.4784	8.27787
16.8487	9.06396
15.2781	9.00109
31.74	17.5328
18.9785	9.24657
21.7835	9.86812
21.4939	9.45732
27.0563	14.2847
26.5257	15.1324
23.7064	9.41065
24.7063	9.39438
25.4191	8.88035
25.6796	7.90947
44.663	14.9017
28.9894	8.48651
29.913	8.54282
30.6942	9.12803
30.5911	8.88805
35.0954	9.94651
33.8963	9.14156
35.1803	9.18059
17.2112	9.99596
16.0387	9.65032
42.6946	15.0009
24.9273	12.085
20.894	10.0329
22.9195	10.7599
23.1363	10.3942
24.5018	11.1086
27.813	11.5693
28.3154	10.6969
26.4147	9.7954
26.3643	8.73441
43.2453	15.2259
43.4749	16.3259
30.7426	9.18748
32.5301	9.93336
34.0321	10.2269
35.5506	10.8595
36.2945	10.7515
37.2621	10.4991
19.2421	10.8113
43.4304	16.9133
23.9557	12.3216
25.7461	12.6591
24.8497	11.7882
24.2701	11.1283
25.8673	11.823
27.3105	12.4417
28.3105	12.4368
30.2221	11.5871
31.8347	11.962
33.1901	12.5765
42.3566	16.7576
40.6443	16.948
33.7102	10.4266
34.4123	10.9712
40.7965	16.2154
37.069	11.4921
37.4596	11.4794
40.0889	11.568
20.8855	12.3519
21.1872	11.4957
22.9858	12.1885
24.7844	12.8814
26.5982	13.5641
26.6328	12.5768
27.3949	12.5969
28.7457	13.077
37.9053	15.5919
32.7162	12.9663
31.3345	12.5667
32.3415	12.9677
34.4347	13.3168
36.8061	14.5487
39.4008	15.2362
34.9468	11.0563
36.1835	11.6859
37.4041	11.9466
38.6247	12.2073
41.0173	11.9875
21.9993	12.3096
35.1521	15.5845
34.512	16.1542
27.837	14.2968
28.1912	14.2132
28.4107	13.3883
29.685	14.0249
30.6022	13.8275
33.1581	13.8633
34.0979	13.3659
34.4464	14.2272
33.394	13.5974
35.6792	14.057
37.9329	15.0404
35.0887	12.0461
35.875	11.4284
38.0278	12.591
39.7331	13.1036
40.4533	12.7916
41.3216	12.9646
22.9629	13.0713
26.429	14.7415
27.4084	15.6084
29.0758	15.0294
30.1283	14.9027
29.8791	14.5253
30.9593	14.6615
32.5761	15.5712
32.4587	14.5781
34.6061	14.1759
35.4715	14.0209
35.5716	14.5664
36.6405	14.812
33.3934	15.9853
39.0598	15.532
41.4083	16.7532
41.8806	15.8717
39.8722	13.496
41.2067	13.6114
42.1065	13.4527
25.127	14.6169
26.1064	15.4838
28.8627	16.2405
30.2041	15.8469
31.0067	15.5281
31.7412	15.1482
32.346	15.2567
33.5716	15.4763
34.0379	14.8584
35.2887	14.9562
36.5757	14.9615
37.7705	15.4796
39.2074	16.2138
40.1866	16.0237
41.3343	16.3956
42.4078	16.7214
42.546	15.8162
41.7166	14.4011
42.8522	14.2968
43.6744	14.046
25.5844	15.4698
26.0569	14.2491
30.3169	16.8726
31.3016	16.5989
31.2253	15.6366
32.4958	16.2859
