-2.20397	-1.15874
-2.28414	-2.15552
4.73832	0.400645
3.86681	0.724649
3.38831	-1.06346
3.38439	-0.715595
6.30174	0.570996
6.83821	0.211412
7.78692	-0.10946
8.8838	-0.30136
10.9561	-0.487167
49.3721	15.8241
11.804	-0.16668
14.0413	1.23011
15.0877	1.24986
15.7187	0.381253
16.7782	-0.0827866
17.9654	0.399775
18.823	0.0781132
18.7928	-0.82112
2.40026	0.0573826
3.77898	0.682918
5.1577	1.30846
5.39159	1.41494
50.3839	16.6114
7.73825	1.18705
7.68478	1.32109
8.36685	0.8941
9.19083	0.47173
10.7879	0.338803
12.2323	0.513627
13.5699	0.679096
12.775	0.0723497
15.5165	2.08663
16.0348	1.33644
16.733	0.803962
18.5997	0.978431
19.3421	0.932352
19.7709	0.771132
20.8111	0.0444308
2.01739	0.713526
4.04483	1.64693
5.92937	1.94447
6.91637	2.10524
46.3283	15.5347
8.21061	2.06846
9.17476	1.8031
9.32367	1.73651
9.56126	1.52336
10.4768	1.19383
12.2244	0.900694
13.6609	1.46258
14.7651	1.49583
17.0005	2.71733
16.5744	1.92205
47.4013	16.1285
20.3318	1.9176
21.4476	1.94542
20.7188	1.46416
21.5231	1.17271
3.007	1.23738
4.94032	2.09203
47.4252	17.0338
9.28889	3.17979
47.1823	17.8582
11.5211	2.84964
10.6113	2.41916
10.7557	2.15261
11.8706	1.6569
13.2635	2.06671
15.3607	3.18641
15.5638	2.20726
16.1197	2.22607
18.4832	3.16236
17.5288	2.54221
20.999	2.82041
21.8744	2.7563
22.4867	2.09515
23.9633	2.44501
22.7345	1.64908
45.0774	17.7196
3.99661	1.76124
10.315	5.11996
10.5271	4.14271
11.2571	3.78795
44.3618	17.0211
12.4308	3.28033
11.5944	3.00873
12.3691	2.55045
16.0493	2.88633
14.6564	2.47651
14.8595	1.49736
17.4668	2.95195
18.879	3.49428
20.064	3.73674
22.1021	3.32824
23.2396	3.55921
23.7563	2.71861
25.0042	3.38197
25.544	2.72022
5.97582	2.80899
4.98621	2.28512
11.3133	5.06258
11.9851	4.46649
13.0087	4.61235
43.3778	17.1992
14.134	4.12242
12.8697	3.48991
13.8585	3.02883
17.4422	3.29615
18.715	3.93418
19.3329	3.82283
20.0401	4.09657
21.5256	4.32031
21.358	3.99326
22.6546	4.24334
24.8109	4.30422
25.7611	4.13713
26.6305	4.0729
26.9654	3.33286
9.25878	4.90533
42.0935	16.1998
12.4438	5.55185
13.3071	5.02991
13.749	5.26089
14.7702	5.45128
15.6182	4.85895
15.6182	4.85895
15.348	3.50722
16.8375	3.98561
18.4127	4.27892
19.9879	4.57222
21.2012	4.69887
22.5933	5.16145
22.7758	4.27303
23.9512	4.68648
25.4788	5.21463
26.3868	4.8237
26.8395	4.69393
28.2645	4.41772
13.5376	6.39309
14.6635	6.59738
13.5536	6.07461
14.6429	5.5738
15.9261	6.10648
16.3044	6.08915
17.1024	5.59548
18.0363	5.95331
18.9576	6.34225
42.8282	16.1199
22.83	5.79552
21.6762	5.18931
23.1207	5.5882
24.2737	5.79029
39.685	16.3036
27.06	5.92577
28.0489	6.21752
27.9179	5.25073
29.5131	5.82007
30.253	5.39299
12.1798	6.06832
14.7456	6.72271
15.9536	7.05233
38.8127	16.7404
19.0188	7.5981
17.4725	6.85229
17.9161	6.6275
18.9614	6.33456
19.8676	6.75715
37.8779	16.8399
24.4876	7.094
23.9838	6.40172
24.4922	6.18317
24.9096	6.35922
26.1331	6.41793
27.5205	6.90644
28.6089	6.63356
28.9408	5.70095
30.0246	6.04518
31.1083	6.38943
13.6989	6.70972
15.1751	7.41504
17.2971	7.77387
18.3321	8.3036
20.5451	8.37352
21.1235	7.55776
19.6516	7.57496
20.8205	7.07368
22.6796	7.8128
23.8295	7.84695
24.9366	7.98751
25.1376	7.00791
25.8532	6.69489
26.6969	7.1298
27.578	7.03325
28.7145	7.58857
30.3089	7.2817
32.9926	7.89574
33.9651	7.73265
32.9842	7.36214
36.9533	16.96
15.8585	8.14513
16.8333	7.92207
18.4914	8.4291
19.4147	8.74193
22.0715	9.14895
21.3871	8.52241
34.9611	16.2498
35.478	17.1326
24.5387	8.55191
25.6572	8.68084
26.0582	7.87318
26.243	6.98549
27.2158	7.20709
28.5759	7.71942
30.1787	8.27809
31.2372	9.43382
32.0088	7.92983
33.727	8.5706
34.8489	8.27544
18.4217	9.22811
16.6108	8.80393
34.7239	17.5345
20.4695	9.18166
23.4902	9.92012
23.1226	9.46987
29.6365	14.4069
29.3061	15.3507
25.2606	9.24395
26.2584	9.311
26.9122	8.7773
27.0358	7.78544
47.2573	14.9423
30.3708	8.42556
31.2578	8.69325
32.1771	9.09238
32.0985	8.9258
36.7791	10.014
35.4437	9.20849
36.7438	9.21104
18.977	10.0598
17.4324	9.37394
45.2552	14.9408
27.1661	12.1491
22.578	9.99248
24.7806	10.7709
24.9615	10.4298
26.4466	11.1468
29.849	11.5557
30.2194	10.6214
28.0764	9.66563
27.8266	8.58788
45.8444	15.1541
46.2488	16.3519
32.2384	9.14737
34.1775	9.9076
35.7354	10.248
37.3537	10.8809
38.1146	10.8194
39.0852	10.579
21.2102	10.9085
46.3189	16.874
26.2087	12.4376
28.0094	12.6867
26.9467	11.8391
26.1927	11.1493
27.9317	11.8639
29.4781	12.4897
30.4671	12.3418
32.3658	11.5692
34.0979	11.9601
35.549	12.5852
45.2126	16.7142
43.5303	16.9191
35.4511	10.4351
36.2284	10.907
43.7156	16.258
38.9719	11.5139
39.3854	11.5329
42.1667	11.6478
23.03	12.4236
23.295	11.5814
25.1841	12.2608
27.0732	12.9402
28.9968	13.5959
28.8613	12.6178
29.6158	12.6551
31.02	13.127
40.658	15.5662
35.0855	12.9753
33.6271	12.5601
34.6929	12.9438
36.8911	13.3253
39.4113	14.5626
42.3604	15.2361
36.7905	11.0368
38.13	11.6384
39.3931	11.9424
40.6562	12.2465
43.126	12.0749
24.1843	12.3911
37.8842	15.6174
37.2984	16.2452
30.357	14.3342
30.6743	14.2513
30.7737	13.418
32.1463	14.0601
33.0285	13.8913
35.6028	13.8311
36.5438	13.3906
36.9892	14.1857
35.841	13.5648
38.2332	14.0655
40.5893	15.0597
37.0454	12.0037
37.7554	11.2995
40.1474	12.5413
41.9047	13.0957
42.6413	12.9
43.5352	13.0551
25.2506	13.1584
29.0109	14.8068
30.0709	15.652
31.7172	15.0724
32.7646	14.949
32.4248	14.5527
33.5189	14.7021
35.2698	15.6281
35.037	14.6556
37.1582	14.162
38.0148	14.0061
38.1719	14.5424
39.2583	14.7932
36.1719	16.0084
41.7674	15.5568
44.1955	16.7971
44.6872	15.9264
42.1648	13.4442
43.5012	13.6489
44.3964	13.5232
27.6595	14.6982
28.7195	15.5434
31.6335	16.27
32.9915	15.871
33.6725	15.5316
34.4063	15.1779
35.0149	15.3122
36.2669	15.5527
36.6771	14.9093
37.9171	14.9353
39.2225	14.9327
40.4587	15.4453
41.9945	16.1822
42.9455	16.0539
44.1329	16.4208
45.1955	16.7876
45.3103	15.8897
44.1822	14.347
45.3086	14.3185
46.1072	14.1142
28.3089	15.426
28.6539	14.5926
33.1961	16.888
34.1917	16.6373
34.036	15.6994
35.2732	16.2778
