-2.35552	-1.09292
-2.6787	-2.03928
4.93674	0.427762
4.01466	0.717247
3.23641	-1.12078
3.27046	-0.68185
6.3946	0.557026
6.88265	0.223707
7.83307	-0.0346064
8.89384	-0.300782
10.9258	-0.496042
52.4302	15.8857
11.904	-0.0340084
14.1762	1.19532
15.2035	1.26273
15.737	0.300832
16.7945	-0.15262
18.046	0.412854
18.9024	0.119291
18.7061	-0.750823
2.5324	0.0912689
3.97407	0.69843
5.41573	1.30558
5.66277	1.40993
53.59	16.6628
7.92979	1.16344
7.87028	1.29762
8.55706	0.925965
9.36576	0.52017
10.9067	0.335843
12.3754	0.496844
13.7627	0.687619
12.8617	0.253947
15.8084	2.03758
16.1208	1.20562
16.7989	0.705403
18.7942	0.884003
19.5178	0.927856
19.9482	0.794796
20.9405	0.136295
2.31184	0.811682
4.53391	1.52703
6.36329	1.70414
7.31088	2.10261
49.2501	15.4816
8.48994	1.99184
9.46499	1.76986
9.61676	1.72095
9.84572	1.53606
10.7651	1.22936
12.42	0.887923
13.9332	1.44
15.0597	1.49224
17.4135	2.68247
16.9015	1.96838
50.4321	16.0781
20.6998	1.85133
21.8204	1.903
20.9941	1.4703
21.7999	1.22162
3.37044	1.31433
5.4106	2.00811
50.6163	17.0002
9.95805	3.2156
50.5284	17.8771
11.9743	2.79495
11.0002	2.37628
11.1344	2.14616
12.2419	1.69021
13.7096	2.08471
15.8821	3.18859
15.9694	2.19241
16.5314	2.21778
18.9791	3.12869
17.9403	2.54853
21.5106	2.70214
22.3672	2.67748
22.8961	2.1001
24.4454	2.46546
23.0951	1.70143
48.3556	17.6838
4.42905	1.81698
11.2572	5.1572
11.3486	4.16138
12.079	3.84005
47.6897	16.9378
12.9484	3.21362
12.0945	2.97069
12.8485	2.52839
16.6449	2.87367
15.1772	2.47919
15.2646	1.48302
18.0056	2.94482
19.5079	3.495
20.6944	3.71859
22.6813	3.24667
23.8326	3.5196
24.2872	2.68318
25.6147	3.39382
26.1041	2.7152
6.54628	2.82224
5.48766	2.31961
12.2533	5.0688
12.8817	4.44778
13.9683	4.65569
46.7514	17.2835
14.8386	4.05638
13.4608	3.42838
14.4049	3.00347
18.1126	3.26814
19.4612	3.89345
20.0346	3.82824
20.7735	4.08599
22.2682	4.31309
22.0127	3.96234
23.3529	4.14233
25.5507	4.25867
26.5062	4.10415
27.3619	4.08924
27.6049	3.32486
10.1535	4.90204
45.2208	16.1823
13.4579	5.57074
14.2829	5.00758
14.9474	4.93109
15.8403	5.46871
16.4731	4.79043
16.4731	4.79043
15.9613	3.47854
17.5177	3.95362
19.1638	4.23619
20.8099	4.51875
22.0392	4.67699
23.4847	5.12883
23.5183	4.22576
24.7208	4.6055
26.34	5.14005
27.2212	4.73548
27.668	4.6492
29.0783	4.41547
14.7353	6.38335
15.8716	6.5674
14.6648	6.06907
15.6824	5.5698
17.0687	6.09833
17.4203	6.1055
18.1077	5.52449
19.0165	5.94181
19.8682	6.46572
46.0492	16.1347
23.9063	5.75404
22.6465	5.16228
24.1498	5.57077
25.3065	5.78267
42.8346	16.3153
28.0811	5.87281
29.0633	6.15023
28.8297	5.19425
30.5138	5.77721
31.2288	5.38862
13.3202	6.06992
15.9946	6.70086
17.2539	7.01836
42.017	16.8385
20.4816	7.59149
18.7751	6.84491
19.114	6.56671
20.1024	6.26159
20.6345	7.10826
41.0765	16.831
25.9294	7.14695
25.166	6.3458
25.6267	6.18582
26.0834	6.31974
27.3097	6.44382
28.7548	6.92496
29.8013	6.60264
29.9313	5.61675
31.0646	5.98846
32.198	6.36017
14.9535	6.70841
16.526	7.44092
18.7318	7.76037
19.8191	8.30509
22.1582	8.3837
22.7031	7.54516
21.0486	7.53591
22.097	6.99868
24.0917	7.73578
25.2685	7.89744
26.5519	7.92957
26.4258	6.93755
27.0567	6.67156
27.9839	7.05754
28.8643	7.04793
30.0632	7.54828
31.638	7.26637
34.3982	8.2706
35.2973	7.83217
34.2816	7.37894
40.1421	16.9381
17.3011	8.10952
18.2755	7.92076
20.0165	8.40597
20.9687	8.72756
23.8348	9.17592
22.9832	8.50511
38.0936	16.3392
38.7636	17.1471
26.0864	8.47287
27.2291	8.66536
27.4798	7.80861
27.5679	6.93004
28.519	7.17035
29.9621	7.66727
31.6588	8.23295
32.895	9.47207
33.4746	7.93009
35.3259	8.59932
36.314	8.28353
20	9.60683
18.2007	8.60863
38.015	17.5245
22.1233	9.1511
25.3798	9.96132
24.9178	9.4743
32.3769	14.6704
32.2439	15.6615
26.9361	9.00008
27.9134	9.21195
28.5129	8.66932
28.4947	7.67837
50.1178	14.9786
31.9005	8.37567
32.8138	8.67236
33.7982	9.04288
33.7157	8.9006
38.6497	10.0712
37.1622	9.26336
38.449	9.23365
20.8997	10.1059
19.1004	9.10771
48.0681	14.8851
29.6411	12.2092
24.4454	9.9771
26.8378	10.7878
26.9795	10.4595
28.5983	11.1793
32.0734	11.5382
32.2675	10.5495
29.8447	9.53507
29.3996	8.46205
48.6931	15.0916
49.3452	16.458
33.877	9.09512
35.9863	9.87103
37.6116	10.2769
39.3422	10.9056
40.1373	10.879
41.1144	10.6662
23.3746	10.9948
49.4764	16.8368
28.6999	12.5473
30.5044	12.7138
29.2701	11.8933
28.3178	11.1679
30.217	11.8991
31.8799	12.5269
32.8244	12.1985
34.6935	11.5523
36.5624	11.9571
38.1224	12.5928
48.3366	16.6734
46.6831	16.8723
37.3766	10.4152
38.215	10.8268
46.9212	16.298
41.0729	11.5343
41.5219	11.5794
44.4486	11.7297
25.3964	12.4878
25.6185	11.6596
27.6072	12.3255
29.5959	12.9914
31.6404	13.6183
31.3256	12.6726
32.0774	12.7091
33.5379	13.1711
43.6683	15.5401
37.6705	12.9868
36.1225	12.5539
37.2558	12.9081
39.5747	13.3307
42.2651	14.57
45.5828	15.2501
38.8225	10.9976
40.2684	11.58
41.5875	11.9299
42.9065	12.2798
45.4429	12.1757
26.6	12.4631
40.8958	15.6476
40.3849	16.3414
33.1368	14.3625
33.4172	14.281
33.3813	13.457
34.864	14.1017
35.7121	13.9513
38.2515	13.8006
39.2184	13.4197
39.7685	14.1237
38.5121	13.5159
41.0271	14.0685
43.5032	15.0716
39.1669	11.9364
39.8077	11.1687
42.4743	12.4829
44.3222	13.0427
45.0678	13.031
45.9925	13.1422
27.7873	13.2452
31.888	14.8814
33.0289	15.7013
34.6332	15.1067
35.6761	15.0154
35.236	14.5833
36.3467	14.7464
38.2478	15.6639
37.8863	14.7315
39.9417	14.1452
40.7914	13.9916
41.0158	14.5027
42.1203	14.7643
39.2398	16.0345
44.7412	15.5731
47.2595	16.8355
47.7637	15.972
44.6802	13.3857
46.0526	13.6662
46.9361	13.6069
30.4858	14.7925
31.6267	15.6124
34.7036	16.2998
36.0651	15.8892
36.6151	15.5357
37.3491	15.2122
37.9672	15.3686
39.2472	15.6308
39.5838	14.9586
40.7961	14.9045
42.1159	14.8979
43.3963	15.4005
45.0397	16.1364
45.9793	16.0746
47.2085	16.4322
48.2595	16.8404
48.4743	15.9656
46.886	14.2886
48.0154	14.3344
48.8053	14.1848
31.2725	15.4242
31.452	15.0507
36.3783	16.8983
37.384	16.6709
37.1374	15.7721
38.3373	16.2662
