-2.5272	-0.979731
-3.52698	-1.00171
5.18084	0.484812
4.19515	0.713307
3.08482	-1.14752
3.1636	-0.652087
6.50135	0.517813
6.93948	0.208241
7.89974	0.0276538
8.90712	-0.328336
10.8754	-0.501768
55.7868	15.9899
12.0458	0.121835
14.321	1.03745
15.2916	1.2929
15.7169	0.227249
16.8008	-0.151672
18.1612	0.433594
19.0125	0.165378
18.6083	-0.628844
2.69675	0.192719
4.21911	0.758849
5.73605	1.31652
5.98092	1.40533
57.1243	16.7379
8.14147	1.1144
8.07944	1.23766
8.77586	0.931374
9.57426	0.546299
11.0319	0.314143
12.5195	0.475832
13.9598	0.697665
13.0131	0.375629
16.1324	1.90042
16.1065	1.03662
16.8253	0.684272
18.9762	0.869573
19.7257	0.928928
20.1615	0.826539
21.0937	0.270734
2.63854	0.942737
5.03046	1.35759
6.77829	1.65374
7.76668	2.09736
52.4459	15.5233
8.7946	1.87165
9.7816	1.71098
9.94016	1.67501
10.1643	1.52007
11.1062	1.22198
12.6276	0.859674
14.2233	1.40521
15.3711	1.4832
17.8779	2.56698
17.2531	1.98352
53.7639	16.1033
21.0861	1.85239
22.2141	1.94118
21.3105	1.4877
22.1109	1.29624
3.75078	1.44516
5.84153	1.95669
54.1038	16.9977
10.7256	3.246
54.1747	17.9042
12.4632	2.71569
11.4217	2.30756
11.5527	2.10875
12.6736	1.69322
14.2179	2.07804
16.4738	3.16536
16.4074	2.16757
16.9706	2.20293
19.5212	3.05293
18.3871	2.51822
22.0498	2.62926
22.8844	2.66521
23.3505	2.131
24.9821	2.51452
23.4999	1.77689
51.9554	17.4947
4.86302	1.94759
12.329	5.16668
12.286	4.16761
13.0154	3.89069
51.2979	16.7412
13.5047	3.12381
12.6339	2.89911
13.3731	2.48141
17.3064	2.8477
15.7621	2.46287
15.6957	1.46509
18.5915	2.92993
20.1951	3.48514
21.3819	3.68533
23.3124	3.19383
24.4783	3.52324
24.8672	2.68944
26.2973	3.43915
26.7216	2.74079
7.15882	2.88673
6.01092	2.41716
13.3234	5.06133
13.9001	4.4103
15.0433	4.69978
50.5001	17.3441
15.5969	3.96714
14.0944	3.33809
15.0009	2.95651
18.8507	3.23254
20.2756	3.84825
20.8079	3.82794
21.5738	4.0697
23.0798	4.30195
22.7201	3.94498
24.0995	4.07117
26.3614	4.25415
27.3279	4.11667
28.176	4.13847
28.3067	3.35629
11.1563	4.93709
48.6434	16.1478
14.6206	5.56977
15.4009	4.95767
16.0284	5.07034
17.0219	5.49125
17.3951	4.70129
17.3951	4.70129
16.6287	3.43161
18.2565	3.90672
19.9785	4.18535
21.7006	4.46397
22.9525	4.65426
24.4529	5.09873
24.3264	4.20395
25.5506	4.55622
27.2695	5.10328
28.1282	4.6967
28.5796	4.65234
29.9855	4.45121
16.0966	6.40481
17.2409	6.5429
15.9308	6.05632
16.8911	5.52129
18.3596	6.06733
18.6588	6.12021
19.1933	5.43544
20.0717	5.91329
20.9255	6.43402
49.5807	16.1507
25.079	5.71571
23.7056	5.13503
25.2758	5.55699
26.4339	5.78682
46.307	16.2938
29.189	5.85758
30.1557	6.1304
29.8313	5.188
31.6179	5.77419
32.3272	5.42297
14.6259	6.12523
17.4099	6.69542
18.7231	6.98602
45.5711	16.9165
22.119	7.5627
20.2393	6.81501
20.4212	6.49498
21.3323	6.16974
21.6574	7.11539
44.5949	16.8079
27.5309	7.19883
26.4524	6.29639
26.8802	6.19127
27.3632	6.28911
28.5984	6.49156
30.1018	6.96756
31.104	6.61106
31.0128	5.60811
32.2086	5.98424
33.4044	6.36038
16.4175	6.79072
18.1296	7.56704
20.367	7.76322
21.5206	8.31725
23.9622	8.37166
24.4719	7.51133
22.586	7.48333
23.4712	6.90405
25.6102	7.63836
26.8513	7.93242
28.3742	7.73627
27.8258	6.87707
28.3732	6.65702
29.3806	6.99485
30.262	7.08765
31.5207	7.53363
33.0886	7.30149
36.0203	8.40832
36.828	7.83137
35.7173	7.40274
43.6565	16.9003
19.0072	8.20674
19.9577	7.98315
21.7601	8.41645
22.7441	8.72683
25.8054	9.18061
24.7507	8.47168
41.5696	16.4364
42.3903	17.1626
27.7492	8.37267
28.9229	8.59534
29.0351	7.72679
29.0125	6.86943
29.935	7.15366
31.4635	7.6406
33.2627	8.21805
34.699	9.54768
35.0731	7.99191
37.0268	8.66594
37.9203	8.29489
21.9786	9.66203
19.9976	8.69182
41.6469	17.5129
23.9985	9.14436
27.4969	9.97938
26.9155	9.46004
35.3582	15.4932
34.9253	16.3947
28.7079	8.72993
29.6666	9.0871
30.2303	8.54955
30.0646	7.58096
53.244	15.0635
33.5584	8.36242
34.5104	8.66704
35.5564	9.03304
35.4694	8.91004
40.686	10.1625
39.0191	9.34691
40.2943	9.26175
22.969	10.1472
20.9881	9.17691
51.1278	14.9434
32.3758	12.2678
26.542	9.97524
29.1331	10.7986
29.2276	10.468
30.9939	11.187
34.5124	11.4946
34.4729	10.4707
31.7269	9.39666
31.094	8.34575
51.759	15.2275
52.7599	16.4564
35.6539	9.08439
37.9525	9.88346
39.6733	10.3515
41.5233	10.9751
42.3528	10.978
43.3398	10.8173
25.7338	11.0847
52.9445	16.7426
31.4515	12.6495
33.2599	12.735
31.8571	11.9398
30.6845	11.1669
32.7603	11.906
34.5519	12.5185
35.3903	11.9734
37.2222	11.5091
39.2462	11.9117
40.9324	12.5411
51.7851	16.4874
50.1364	16.6686
39.4719	10.442
40.3565	10.811
50.3769	16.3517
43.3734	11.5987
43.8649	11.6683
46.9388	11.8279
27.9821	12.5612
28.1626	11.7453
30.2689	12.3889
32.3753	13.0325
34.5534	13.6252
34.0678	12.7287
34.8157	12.7379
36.3359	13.1795
46.9619	15.4769
40.4885	12.9707
38.8426	12.5136
40.0551	12.812
42.5146	13.2574
45.4141	14.4479
49.1147	15.2659
41.0288	11.019
42.5857	11.5961
43.9814	11.9774
45.3771	12.3586
47.9739	12.3102
29.2428	12.5501
44.2218	15.6435
43.8149	16.4048
36.2034	14.379
36.4491	14.287
36.2725	13.4912
37.8756	14.134
38.6893	13.9766
41.0834	13.7745
42.1344	13.4278
42.8217	13.9646
41.4384	13.3883
44.0968	13.9737
46.7314	14.922
41.5047	11.8986
42.0284	11.0467
44.9937	12.5186
46.9859	13.0515
47.7312	13.1935
48.683	13.249
30.572	13.3546
35.0692	14.9735
36.2965	15.7639
37.8535	15.1328
38.8921	15.1169
38.3471	14.6031
39.4787	14.7768
41.5523	15.6341
41.0427	14.7737
42.9716	14.102
43.8157	13.9411
44.135	14.3775
45.2599	14.638
42.6308	16.0491
48.0487	15.3962
50.9875	16.6996
50.8277	15.7124
47.4018	13.441
48.8515	13.7405
49.7198	13.7171
33.6109	14.9077
34.8382	15.6981
38.095	16.3373
39.4558	15.9066
39.8695	15.529
40.6037	15.2363
41.2384	15.4061
42.5514	15.6771
42.7917	14.9742
43.953	14.8204
45.2804	14.806
46.615	15.2564
48.3757	15.9625
49.3661	15.8703
50.6492	16.1128
51.7625	16.0676
52.66	15.5089
49.8098	14.3635
50.9652	14.413
51.767	14.2842
34.4968	15.4912
34.361	15.5691
39.8936	16.9107
40.9123	16.7063
40.5596	15.8666
41.7218	16.2393
