-2.75213	-0.84375
-3.72543	-1.18195
5.36406	0.746466
4.33746	0.838188
2.92104	-1.03479
3.03638	-0.571884
6.60163	0.487602
6.98858	0.218639
7.96523	0.103307
8.9166	-0.330915
10.8255	-0.439096
59.4802	16.0891
12.2449	0.235944
14.5098	0.817859
15.4209	1.26824
15.7116	0.10211
16.8631	-0.194124
18.3921	0.332763
19.2324	0.0501902
18.4553	-0.444297
2.81945	0.652034
4.42005	1.07638
6.02065	1.50072
6.27271	1.53644
61.0622	16.7299
8.35404	1.07701
8.29231	1.17437
9.00537	0.96551
9.78696	0.576309
11.1712	0.324519
12.6786	0.505567
14.1733	0.765963
13.2121	0.490287
16.4934	1.62669
16.0653	0.842174
16.8164	0.645618
19.2384	0.802052
20.0814	0.756842
20.5345	0.675105
21.1635	0.480629
2.58254	1.51687
5.20517	1.6957
7.11792	1.86187
8.20797	2.2347
56.0161	15.5009
9.10869	1.73314
10.1065	1.66643
10.2765	1.64192
10.4997	1.52454
11.4633	1.20639
12.8594	0.862899
14.5476	1.40128
15.7141	1.52113
18.4111	2.24765
17.5849	2.06813
57.4761	16.0762
21.5863	1.78046
22.7499	1.86155
21.8365	1.30002
22.6372	0.742098
3.87229	1.88024
6.13974	2.05146
57.949	16.9543
11.5306	3.38602
58.2064	17.8717
12.9712	2.6556
11.8589	2.25584
11.994	2.08356
13.1407	1.69895
14.7705	2.07559
17.1292	3.1369
16.8961	2.16444
17.4546	2.23195
20.1234	2.86736
18.8541	2.46774
22.6881	2.49921
23.5056	2.57121
23.9434	2.00585
25.5961	2.41527
23.905	1.64589
55.9237	17.3214
5.16204	2.24363
13.4709	5.24098
13.2838	4.25865
14.018	4.03556
55.244	16.5878
14.0834	3.05537
13.1973	2.83623
13.9279	2.44724
18.0302	2.82888
16.4004	2.45223
16.1673	1.47978
19.2447	2.9276
20.9639	3.46151
22.1551	3.57494
24.0514	3.07825
25.2436	3.43572
25.5619	2.58758
27.0954	3.37674
27.3933	2.64412
7.75115	2.95989
6.4566	2.60176
14.4652	5.13425
14.9799	4.44996
16.2139	4.81632
54.6681	17.4054
16.3925	3.90126
14.754	3.26286
15.6388	2.91937
19.66	3.20553
21.17	3.80983
21.6742	3.82397
22.4657	4.03925
23.9936	4.22882
23.5219	3.85253
24.9416	3.94478
27.2941	4.17702
28.2698	4.05347
29.1102	4.09436
29.0457	3.31801
12.2708	4.91252
52.4079	16.1804
15.8717	5.63487
16.5912	4.9699
17.2556	5.18574
18.3106	5.56197
18.3675	4.64041
18.3675	4.64041
17.3498	3.3915
19.0607	3.86363
20.8703	4.13888
22.6799	4.41413
23.9675	4.61699
25.5315	5.02001
25.2394	4.15367
26.4866	4.45446
28.3143	5.00616
29.1516	4.59968
29.6162	4.59308
30.9917	4.4181
17.5965	6.41621
18.7375	6.54064
17.3046	6.08775
18.1793	5.52821
19.7535	6.08099
20.0193	6.16531
20.3425	5.37955
21.2285	5.84325
22.068	6.38668
53.513	16.1918
26.3742	5.69451
24.8791	5.11034
26.5302	5.53185
27.6969	5.74237
50.122	16.2934
30.4303	5.78089
31.3707	6.06055
30.9626	5.1327
32.8574	5.72052
33.5498	5.40695
16.0785	6.14911
18.9631	6.69141
20.3297	6.96661
49.4884	17.0081
23.9036	7.554
21.8285	6.81749
21.8298	6.45419
22.6383	6.11017
22.7669	7.10187
48.4471	16.8198
29.2027	7.1632
27.8694	6.27868
28.2872	6.18999
28.7831	6.24682
30.0507	6.48048
31.6115	6.94902
32.5647	6.56014
32.2305	5.57901
33.4914	5.94367
34.7523	6.30834
18.0571	6.84955
19.9297	7.67504
22.165	7.7791
23.3916	8.35032
25.9343	8.37607
26.4089	7.49588
24.2536	7.45668
24.9342	6.84078
27.23	7.5714
28.5889	7.95259
30.0507	7.69328
29.3645	6.86284
29.8421	6.62179
30.9208	6.91747
31.8207	7.06254
33.1357	7.45779
34.7118	7.28628
37.8505	8.46485
38.536	7.76882
37.3186	7.37084
47.5068	16.8798
20.9054	8.29663
21.8289	8.03853
23.6844	8.4331
24.6986	8.74079
27.965	9.19814
26.6774	8.45917
45.3894	16.6175
46.3372	17.2857
29.5258	8.30201
30.7369	8.52372
30.7373	7.67697
30.5955	6.86172
31.5101	7.10595
33.1261	7.57795
35.0424	8.1545
36.7517	9.62556
36.8589	8.01242
38.9266	8.69386
39.7106	8.25487
24.1811	9.69172
21.9973	8.76166
45.5954	17.5993
26.0628	9.14922
29.824	10.006
29.1012	9.46166
39.0057	15.3823
38.6838	16.3117
30.5277	8.64847
31.5296	8.99489
32.0798	8.47552
31.7697	7.5521
56.704	15.1317
35.398	8.30934
36.3966	8.61135
37.5108	8.97448
37.3927	8.858
42.9645	10.2085
41.0951	9.38806
42.3512	9.24794
25.273	10.1568
23.0892	9.22669
54.5561	14.9257
35.3955	12.3228
28.8474	9.98661
31.6562	10.8214
31.6926	10.4876
33.6212	11.2027
37.1738	11.4848
36.8707	10.4679
33.7448	9.31818
32.9287	8.30487
55.2671	15.2143
56.4401	16.2767
37.6284	9.02875
40.1427	9.84718
41.9862	10.3687
43.9654	10.9915
44.8339	11.0289
45.831	10.9536
28.3642	11.1468
56.7414	16.6712
34.4893	12.7457
36.2926	12.7647
34.7105	11.9986
33.281	11.1753
35.5498	11.9179
37.4768	12.5017
38.1376	11.7512
39.9863	11.5389
42.1813	11.935
44.0055	12.5636
55.5338	16.3881
53.9276	16.5213
41.8082	10.4138
42.7332	10.749
54.2481	16.4979
45.9445	11.6143
46.4863	11.7089
49.7221	11.8995
30.8655	12.6115
30.9894	11.8082
33.2118	12.4406
35.4342	13.073
37.749	13.6397
37.0968	12.8066
37.8249	12.7758
39.4061	13.1903
50.5786	15.4795
43.5821	13.0478
41.8215	12.5481
43.1145	12.7645
45.7266	13.261
48.8404	14.4242
52.969	15.3527
43.4887	10.9862
45.1692	11.5587
46.654	11.9738
48.1388	12.3889
50.8236	12.3925
32.1886	12.6051
47.877	15.6603
47.5961	16.4746
39.5682	14.4228
39.7786	14.2931
39.4541	13.5485
41.1883	14.1876
41.9595	14.009
44.0476	13.9378
45.3417	13.54
46.1609	13.8068
44.6377	13.2857
47.4477	13.9584
50.2332	14.8901
44.033	11.8251
44.4873	10.9342
47.8115	12.4893
49.9514	13.0602
50.7098	13.2792
51.6776	13.3165
33.68	13.433
38.6041	15.0861
39.9049	15.8622
41.3873	15.2058
42.4188	15.3347
41.7664	14.6398
42.9226	14.8267
45.205	15.5496
44.513	14.8277
46.2993	14.131
47.135	13.9763
47.5509	14.2892
48.6937	14.5752
46.3547	16.0896
51.626	15.356
54.7367	16.7146
54.444	15.7584
50.4538	13.4198
51.9709	13.7772
52.8203	13.7801
37.0906	15.0255
38.3914	15.8016
41.8197	16.4314
43.1627	15.9946
43.443	15.538
44.1793	15.284
44.8364	15.4626
46.1873	15.7371
46.3152	15.0177
47.4164	14.7917
48.7493	14.7785
50.1402	15.1742
52.0339	15.8478
53.0188	15.8219
54.3311	16.0584
55.4184	15.9829
56.2244	15.3296
53.0961	14.3504
54.2537	14.4569
55.0591	14.3613
38.0527	15.5557
38.0005	15.5378
43.7345	17.0007
44.7676	16.8244
44.3015	16.0634
45.4356	16.2274
