-2.90711	-0.821149
-3.9465	-1.20322
5.7194	0.737864
4.55956	0.771979
2.79317	-1.06869
2.93495	-0.66887
6.77206	0.191421
6.97557	0.383998
7.96654	0.228953
8.87538	-0.269848
10.7616	-0.269581
63.6119	16.1251
12.4723	0.323814
14.624	0.732744
15.5481	1.24654
15.6961	0.0750384
16.8678	-0.167024
18.5136	0.379346
19.3228	0.0705719
18.4402	-0.394578
3.11847	0.661379
4.77094	1.05473
6.4234	1.44807
6.66274	1.47298
65.3525	16.7581
8.63191	0.821072
8.64355	0.709381
9.18215	1.2305
9.90021	0.67392
11.2855	0.406115
12.82	0.632591
14.3617	0.963247
13.4403	0.574667
16.7548	1.48187
16.1193	0.770318
16.8452	0.661305
19.449	0.803517
20.2881	0.763127
20.7597	0.700151
21.4341	0.533604
3.0573	1.54936
5.60698	1.6034
7.59466	1.81103
8.76592	2.17399
59.9286	15.5359
9.50088	1.31593
10.4918	1.45072
10.6626	1.49907
10.8206	1.64214
11.7416	1.24859
13.0774	0.938991
14.8692	1.47187
16.0465	1.67062
18.8223	2.09662
17.9697	1.91514
61.5351	16.1188
22.0546	1.78618
23.2396	1.87537
22.1966	1.32973
22.997	0.790383
4.42998	1.90745
6.60487	1.6685
62.1874	16.9626
12.4763	3.36017
62.5913	17.8787
13.5346	2.48386
12.3516	2.08037
12.4591	2.05377
13.5723	1.75508
15.3036	2.12253
17.7736	3.16392
17.3928	2.23928
17.9387	2.36978
20.676	2.7578
19.3228	2.33647
23.305	2.45101
24.1048	2.55928
24.4962	2.02962
26.2611	2.43794
24.4124	1.67043
60.2158	17.2693
5.80267	2.26554
14.7589	5.15787
14.4277	4.21434
15.1694	4.03008
59.5754	16.5013
14.7176	2.88735
13.7887	2.77186
14.5041	2.41027
18.7661	2.85742
17.0348	2.48998
16.654	1.56535
19.9164	3.00669
21.7543	3.51361
22.9322	3.53143
24.7933	3.0405
26.0187	3.43261
26.2658	2.58945
27.9496	3.39623
28.1518	2.65357
8.54805	2.9817
7.17536	2.62362
15.757	5.0951
16.192	4.37031
17.5408	4.7995
59.2614	17.4508
17.2541	3.7744
15.4528	3.16058
16.3017	2.89479
20.4974	3.22486
22.103	3.82411
22.5851	3.88518
23.3963	4.07596
24.9429	4.21291
24.3343	3.83352
25.8	3.89319
28.2804	4.17266
29.2784	4.08338
30.1232	4.08945
29.9207	3.33978
13.5136	4.92643
56.5392	16.3206
17.2789	5.61322
17.9136	4.87844
18.6479	5.15882
19.7563	5.5183
19.4226	4.52598
19.4226	4.52598
18.0993	3.37932
19.8969	3.86384
21.8028	4.1436
23.7086	4.42335
25.0383	4.63831
26.6667	4.98964
26.1942	4.18595
27.4633	4.42104
29.4224	4.96848
30.2472	4.58117
30.7367	4.61226
32.1162	4.43073
19.2518	6.4341
20.387	6.52251
18.8329	6.06786
19.606	5.44079
21.2972	6.00283
21.54	6.10952
21.5911	5.27757
22.4524	5.78578
23.2981	6.31937
57.8556	16.3142
27.7663	5.73265
26.1315	5.14297
27.8741	5.56049
29.0495	5.73681
54.2725	16.3403
31.7694	5.74857
32.6891	6.03834
32.1951	5.14113
34.2187	5.71192
34.911	5.42212
17.691	6.18875
20.6704	6.69283
22.089	6.95155
53.769	17.1443
25.8578	7.48249
23.5775	6.74266
23.3762	6.3496
24.0575	6.02464
24.0083	7.02343
52.6397	16.937
31.0463	7.13916
29.4011	6.32233
29.8124	6.23749
30.3097	6.25806
31.6238	6.49542
33.2466	6.95555
34.1504	6.53902
33.5712	5.62219
34.9067	5.95244
36.2422	6.28271
19.8834	6.91322
21.9592	7.74821
24.1538	7.77701
25.4764	8.34017
28.0988	8.31976
28.54	7.42234
26.0846	7.36971
26.5238	6.77171
28.9901	7.51878
30.4993	7.97628
31.8718	7.70357
31.0359	6.91201
31.431	6.62693
32.5753	6.89425
33.507	7.05795
34.8751	7.40923
36.4901	7.29261
39.887	8.50967
40.4226	7.71007
39.0977	7.33597
51.7661	16.6576
23.0319	8.3617
23.9212	8.05917
25.8205	8.41956
26.8694	8.71605
30.3398	9.15702
28.7929	8.38983
49.6442	16.6456
50.7326	17.2374
31.4564	8.26585
32.7077	8.49514
32.5946	7.68653
32.3043	6.95259
33.2169	7.08966
34.9237	7.55106
36.9718	8.12
39.0398	9.74205
38.8299	8.04619
41.0319	8.72637
41.6955	8.20795
26.6302	9.70003
24.2314	8.80782
49.9963	17.5158
28.3484	9.11834
32.3884	9.97496
31.5013	9.40995
43.0919	15.3495
42.7715	16.2398
32.5036	8.61008
33.5509	8.95429
34.0944	8.46048
33.6176	7.62359
60.5625	15.1556
37.3965	8.28747
38.4483	8.58274
39.6393	8.94169
39.4505	8.83029
45.4938	10.2467
43.3998	9.42518
44.632	9.2216
27.8296	10.1461
25.4308	9.25392
58.3222	14.9529
38.707	12.3549
31.3905	9.95596
34.4347	10.7934
34.3986	10.4579
36.5012	11.1731
40.0896	11.502
39.5154	10.5513
35.943	9.31301
34.9303	8.3618
59.1176	15.2452
60.4877	16.2129
39.7802	8.99983
42.5407	9.83308
44.5408	10.3823
46.6659	11.0015
47.5879	11.0683
48.5845	11.1501
31.2871	11.1759
60.917	16.6981
37.8321	12.8393
39.6348	12.728
37.8602	11.9993
36.1303	11.138
38.6039	11.8883
40.6638	12.4527
41.0886	11.5474
43.0389	11.6699
45.4161	12.0683
47.3792	12.701
59.6465	16.4335
58.0421	16.4996
44.3698	10.4065
45.3317	10.7188
58.5962	16.7041
48.7911	11.6206
49.3947	11.7363
52.8191	11.9355
34.0735	12.6193
34.1247	11.8291
36.4668	12.4413
38.8089	13.0534
41.2657	13.5818
40.4448	12.8304
41.1247	12.7724
42.7624	13.1716
54.5466	15.5903
47.0245	13.2415
45.1148	12.6959
46.472	12.8388
49.2488	13.3812
52.5956	14.5183
57.1938	15.5646
46.1881	10.9763
48.0065	11.5461
49.604	11.9752
51.2014	12.4044
53.9992	12.4365
35.4633	12.6105
51.863	15.7055
51.7379	16.5565
43.2924	14.378
43.4371	14.2158
42.9548	13.5574
44.8275	14.2009
45.5373	14.0216
47.6683	14.0566
48.9165	13.7337
49.773	13.8252
48.1225	13.332
51.1184	14.0614
54.0729	14.9751
46.8105	11.759
47.1772	10.8287
50.9095	12.4874
53.2331	13.0871
54.0299	13.3108
55.0099	13.3371
37.1456	13.4561
42.5699	15.1028
43.9491	15.8518
45.3192	15.1742
46.3507	15.4634
45.5229	14.6043
46.7002	14.8444
49.2349	15.3337
48.3122	14.8717
49.9774	14.2249
50.805	14.1165
51.2725	14.3448
52.4437	14.6362
50.4346	16.1375
55.5502	15.432
58.7605	16.8086
58.4646	15.8534
53.8126	13.4287
55.4328	13.8101
56.2733	13.783
41.0009	15.0625
42.3801	15.8116
45.985	16.3968
47.2748	15.9573
47.3699	15.3384
48.1137	15.3512
48.7772	15.5072
50.1577	15.7956
50.1688	15.0804
51.2185	14.8372
52.554	14.86
53.9896	15.2124
56.0158	15.856
57.0274	15.8888
58.3752	16.1345
59.4398	16.0747
60.101	15.305
56.7157	14.37
57.9006	14.4828
58.7354	14.3784
42.0252	15.5834
42.038	15.4666
48.0208	16.9418
49.0634	16.7787
48.4522	16.142
49.5267	15.9958
