-0.0132318	-0.00774528
0.986757	-0.00355228
2.00341	0.00342323
3.00313	0.0268508
4.00258	-0.00624765
5.00245	0.0100337
5.99983	0.0024202
7.00093	-0.00461266
7.99442	-0.00849857
8.98678	-0.0119306
0.483136	0.86037
1.48313	0.864559
2.48299	0.880921
3.48244	0.84783
4.48231	0.864115
5.50776	0.872976
6.45765	0.560411
7.39246	0.915555
8.4936	0.858001
9.48315	0.856177
0.00160692	1.7368
0.979507	1.72848
2.0115	1.71358
3.01137	1.72992
4.01082	1.69684
5.01068	1.71313
6.01692	1.73365
6.99462	1.83301
7.99455	1.82142
8.98999	1.72611
0.497982	2.60491
1.49742	2.57132
2.49728	2.58766
3.54017	2.57866
4.54606	2.59864
9.55722	7.7844
6.52077	2.59745
7.50462	2.69319
8.50456	2.6816
9.49853	2.57193
0.0273469	3.48723
1.02678	3.45366
2.02665	3.46998
3.02609	3.4364
4.02595	3.45274
5.02751	3.47511
6.02748	3.46732
7.02746	3.45958
8.09659	3.49915
9.09652	3.48756
0.561471	4.33264
1.56091	4.29906
2.56079	4.31537
3.56054	4.33783
4.53424	4.34499
5.53421	4.33723
6.53417	4.32944
7.53414	4.32172
8.60659	4.35932
9.56226	4.37249
0.0405573	5.18625
1.08912	5.18078
2.08898	5.19706
3.04122	5.1924
4.04097	5.21486
5.04094	5.20712
6.04087	5.19937
7.04084	5.19158
8.0408	5.18387
9.04066	5.20074
8.55722	7.78022
1.57495	6.05483
2.57482	6.07111
3.54791	6.05453
4.54766	6.07699
5.54763	6.06926
6.5476	6.06147
7.54758	6.05378
8.52613	6.05821
9.5688	6.0499
0.0608382	6.92048
1.06079	6.92989
2.06079	6.92888
3.06079	6.92786
4.05443	6.94688
5.0544	6.93916
6.05437	6.93137
7.05433	6.92357
8.0543	6.91589
9.05426	6.90737
0.557212	7.78859
1.56167	7.79541
2.56167	7.79439
3.54101	7.80501
4.56111	7.80902
5.56108	7.80124
6.56112	7.79347
7.56109	7.78581
