-3.14013	-0.725103
-4.27809	-1.12241
6.06329	0.786207
4.74977	0.755468
2.63475	-1.02138
2.78217	-0.667304
6.86754	0.131056
7.01888	0.280341
8.04316	0.176813
8.92515	-0.33891
10.8334	-0.194229
68.0997	16.2376
12.8044	0.470988
14.8656	0.40206
15.9374	0.767311
15.5818	-0.180708
16.77	0.0963663
18.5784	0.601346
19.3477	0.203577
18.3714	-0.27497
3.39962	0.754688
5.11401	1.10066
6.81708	1.44332
7.04089	1.45266
70.006	16.8809
8.86712	0.751589
8.86331	0.659776
9.44734	1.13237
10.1437	0.58495
11.5186	0.364691
13.0986	0.662709
14.6968	1.11122
13.7659	0.745735
17.1428	1.07139
16.6457	0.102294
15.9524	0.752371
19.599	0.99149
20.4435	0.901876
20.9437	0.833086
21.6833	0.655862
3.5335	1.63654
6.0978	1.33693
8.06851	1.79623
9.33201	2.14985
64.1528	15.6931
9.85199	1.05728
10.8369	1.36287
11.0293	1.42004
11.2037	1.54754
12.1357	1.14247
13.4282	0.892797
15.3378	1.42092
16.5384	1.73613
19.3151	1.76739
18.4576	1.54644
65.9155	16.2956
22.5137	1.92219
23.726	2.00191
22.5397	1.46259
23.3354	0.920746
4.99569	1.9956
7.08166	1.57285
66.8015	16.9322
13.4794	3.35515
67.4555	17.7873
14.1054	2.37797
12.8365	1.98339
12.9601	1.96272
14.1244	1.69059
15.9597	2.06947
18.5947	3.04881
18.0424	2.21519
18.6179	2.40874
21.3228	2.51383
19.8902	2.03013
23.9457	2.46925
24.7108	2.66449
25.0559	2.14154
26.9486	2.53335
24.9198	1.76776
65.0287	17.007
6.45787	2.35465
16.1533	5.0697
15.6527	4.20404
16.4	4.01748
64.2609	16.3663
15.3744	2.77256
14.4254	2.63967
15.1403	2.32738
19.6304	2.82716
17.7951	2.44835
17.2427	1.61478
20.747	3.00951
22.6831	3.50853
23.8188	3.41526
25.5926	3.03774
26.8418	3.50654
26.9936	2.66854
28.8572	3.4771
28.9379	2.73563
9.38188	3.07356
7.91987	2.71411
17.1531	5.09068
17.4759	4.31787
18.9704	4.76053
64.4751	17.343
18.1839	3.6569
16.2025	3.02901
17.0412	2.82221
21.4657	3.20597
23.1709	3.80617
23.6477	3.89326
24.4657	4.06963
26.0095	4.1523
25.2302	3.82831
26.7358	3.86913
29.3428	4.23067
30.3647	4.17227
31.2079	4.12467
30.8439	3.43302
14.8538	4.98695
61.2128	16.3688
18.8063	5.62752
19.3176	4.8079
20.1519	5.10136
21.32	5.43999
20.5794	4.41274
20.5794	4.41274
18.9422	3.31705
20.8431	3.81188
22.8596	4.10911
24.8762	4.40634
26.2483	4.63074
27.9228	4.93236
27.2633	4.22904
28.5325	4.41845
30.6193	4.97482
31.4299	4.62159
31.9503	4.68629
33.3227	4.49436
21.0464	6.49417
22.1741	6.55905
20.4902	6.09328
21.1314	5.36158
22.9583	5.9182
23.1996	5.98002
22.9749	5.16859
23.8963	5.55737
24.6196	6.24791
62.6229	16.4944
29.3622	5.76439
27.5479	5.16314
29.3662	5.58855
30.533	5.72295
58.9174	16.2581
33.2163	5.75583
34.1298	6.03828
33.5359	5.20031
35.6997	5.75008
36.3848	5.47953
19.439	6.25588
22.5208	6.7481
23.9951	7.00202
58.5169	17.1022
27.9717	7.41765
25.465	6.66792
25.0678	6.21788
25.6681	5.88766
25.4143	6.85492
57.2795	16.847
33.1364	7.12569
31.1764	6.36564
31.5171	6.30522
31.9626	6.2909
33.321	6.51779
35	6.98452
35.8552	6.54998
35.0478	5.71803
36.4557	6.00894
37.8636	6.29986
21.8639	6.98056
24.1795	7.79025
26.3222	7.80423
27.7595	8.33285
30.4534	8.26179
30.8261	7.33382
28.0887	7.25533
28.3612	6.60673
31.0544	7.32581
32.7475	8.04697
34.0329	7.56879
32.9907	6.96689
33.1322	6.67951
34.3408	6.91123
35.3078	7.07708
36.7242	7.39836
38.4141	7.3308
42.1103	8.57586
42.4742	7.69722
41.0417	7.33755
56.3975	16.5782
25.3554	8.40952
26.2077	8.06564
28.1543	8.41191
29.2436	8.69345
32.9352	9.10593
31.1097	8.29279
54.296	16.7281
55.5146	17.2481
33.7475	8.04489
35.0751	8.17069
34.8491	7.32363
34.1764	7.8193
34.962	7.15068
36.8227	7.57369
39.023	8.13309
41.5745	9.90333
40.9731	8.11162
43.3249	8.79238
43.8578	8.20039
29.2978	9.73367
26.6695	8.85091
54.7793	17.4782
30.8482	9.08806
35.1971	9.93076
34.1306	9.33025
47.4909	15.4255
47.1733	16.2774
34.8496	8.38435
35.9517	8.72379
36.5205	8.15309
35.5878	8.38032
64.7503	15.2529
39.5216	8.31734
40.6339	8.60487
41.9104	8.96141
41.5839	8.90339
48.2468	10.3281
45.9106	9.50007
47.1148	9.23423
30.612	10.175
27.9837	9.29229
62.39	15.0907
42.342	12.3705
34.1759	9.91876
37.4819	10.7512
37.3683	10.3953
39.664	11.1053
43.3672	11.4513
42.5754	10.5612
38.4955	9.23086
37.0528	8.89252
63.2753	15.3912
64.889	16.1857
42.0759	9.0251
45.1115	9.87629
47.2934	10.445
49.5821	11.0636
50.5829	11.1562
51.5588	11.4836
34.4733	11.2464
65.49	16.6821
41.5074	12.9214
43.289	12.6917
41.3226	11.9863
39.2574	11.0694
41.9598	11.8152
44.159	12.3414
44.3633	11.3625
46.5374	11.719
49.1052	12.1161
51.2084	12.7451
64.1784	16.432
62.6476	16.3112
47.1211	10.4604
48.1198	10.757
63.5221	17.0402
51.8708	11.6822
52.5346	11.811
56.1913	12.0196
37.5601	12.6714
37.5433	11.8941
40.0208	12.4749
42.4983	13.0558
45.1033	13.5353
44.1436	12.8358
44.7634	12.7246
46.4645	13.0847
59.0277	15.6113
50.9535	13.3395
48.8735	12.7587
50.2852	12.8377
53.2326	13.4046
56.817	14.5097
61.9805	15.728
49.0907	11.0324
51.0603	11.6044
52.7872	12.0398
54.5142	12.4752
57.4554	12.5432
39.0212	12.6698
56.3073	15.6312
56.3124	16.4913
47.3687	14.3627
47.4267	14.1296
46.8226	13.5411
48.8439	14.1702
49.503	13.9472
51.7475	14.0746
52.9819	13.8311
53.8418	13.7833
52.0635	13.3105
55.2568	14.064
58.3772	14.9554
49.83	11.7057
50.0435	10.7288
54.2493	12.5657
56.7858	13.1817
57.6313	13.3898
58.6255	13.4133
40.9095	13.537
46.883	15.177
48.3455	15.8967
49.6342	15.1901
50.7189	15.5471
49.6513	14.5542
50.8652	14.7993
53.5458	15.2662
52.5415	14.8097
54.1361	14.2184
54.9548	14.1886
55.4642	14.322
56.6675	14.5949
54.929	16.0826
59.9373	15.4011
63.1305	16.9603
62.9112	15.9846
57.4383	13.527
59.1845	13.9142
60.0179	13.8407
45.253	15.1588
46.7156	15.8786
50.5135	16.4141
51.7635	15.9766
51.6872	15.2395
52.4229	15.3203
53.1253	15.4583
54.5501	15.7226
54.4802	15.0218
55.4981	14.7753
56.8425	14.8538
58.3204	15.1368
60.484	15.724
61.4975	15.8469
62.8509	16.1388
63.8658	16.2825
64.2827	15.381
60.6273	14.4882
61.8515	14.584
62.7258	14.4577
46.3432	15.6864
46.3844	15.5181
52.6814	16.9314
53.7362	16.7794
53.0004	16.2728
54.0103	15.9046
