-3.33123	-0.73338
-4.59082	-1.13524
6.47444	0.773232
4.94883	0.711889
2.47794	-0.973403
2.60024	-0.677372
6.94095	0.0881728
7.01441	0.212437
8.07363	0.148451
8.93587	-0.360631
10.8831	-0.000399806
73.1081	16.2426
13.4672	0.102338
14.8927	0.39228
15.9961	0.746037
15.5639	-0.182768
16.792	0.111592
18.7467	0.629733
19.4667	0.193165
18.3675	-0.263391
3.76346	0.781181
5.52777	1.09546
7.25057	1.40382
7.44594	1.40517
75.2066	16.8781
9.09067	0.711236
9.0736	0.631198
9.68245	1.08154
10.3476	0.530766
11.723	0.39552
13.365	0.783085
15.0674	1.29879
14.2938	0.665065
17.3353	1.02135
16.6811	0.101411
15.9626	0.737846
19.8616	0.987452
20.6984	0.889477
21.2283	0.829134
22.0261	0.675889
4.11888	1.60533
6.5561	1.26309
8.57786	1.74235
9.94306	2.09845
68.9138	15.7133
10.1274	1.01172
11.1641	1.3122
11.3835	1.38026
11.5697	1.50064
12.499	1.08283
13.7507	0.93384
15.7785	1.47216
17.0341	1.86445
19.6921	1.68585
18.8015	1.49318
70.8618	16.3243
23.0933	1.91778
24.3313	1.99766
22.9898	1.4651
23.7856	0.95459
5.6768	1.98334
7.58441	1.43083
71.9361	16.9245
14.5647	3.3303
72.7177	17.7491
14.6739	2.32803
13.3139	1.93527
13.4569	1.91973
14.6744	1.67204
16.6284	2.06126
19.4753	2.90087
18.6939	2.27692
19.3005	2.52926
21.9159	2.44797
20.3587	1.97057
24.6814	2.45131
25.4404	2.63205
25.7374	2.13851
27.7663	2.52787
25.5423	1.76412
70.1387	17.0299
7.23471	2.36135
17.707	4.87599
16.9802	4.1891
17.726	3.98297
69.8759	16.0651
16.0339	2.72078
15.0637	2.56428
15.7818	2.29809
20.5365	2.83969
18.5825	2.45046
17.8016	1.82574
21.6094	3.08168
23.662	3.56965
24.7443	3.38456
26.4901	3.01466
27.7991	3.48073
27.8501	2.64905
29.9118	3.45537
29.8587	2.73598
10.3592	3.08725
8.79697	2.7243
18.6858	5.08059
18.8514	4.26478
20.5022	4.70728
70.4753	16.8655
19.1358	3.61974
16.9573	2.96487
17.8022	2.79783
22.4905	3.22891
24.31	3.82582
24.7823	3.94633
25.6086	4.11061
27.1664	4.13795
26.2121	3.81573
27.7703	3.83158
30.5607	4.21054
31.6111	4.1712
32.445	4.05182
31.9215	3.4502
16.3752	4.96415
66.3022	16.5731
20.4938	5.64048
20.8179	4.73633
21.7604	5.03475
22.9879	5.3561
21.7764	4.39537
21.7764	4.39537
19.8226	3.29758
21.843	3.79733
23.9862	4.11003
26.1294	4.42272
27.5553	4.65155
29.2799	4.89702
28.4542	4.29225
29.7271	4.39121
31.9707	4.93143
32.7705	4.59065
33.3366	4.67622
34.699	4.47188
23.0472	6.51238
24.1606	6.60109
22.3272	6.12078
22.7613	5.28239
24.7353	5.83503
24.9533	5.84925
24.4171	5.17099
25.3004	5.63974
26.2148	6.04447
67.9939	16.634
31.0825	5.82217
29.0849	5.20458
31.009	5.61907
32.1688	5.70624
63.9883	16.2026
34.8465	5.71486
35.7875	5.89511
35.0621	5.18123
37.3778	5.71461
38.0515	5.45644
21.3937	6.24092
24.5813	6.79168
26.1154	7.07096
63.6997	17.0734
30.2502	7.3649
27.4927	6.59997
26.8526	6.14845
27.3255	5.90422
26.874	6.79648
62.3408	16.7792
35.3889	7.13809
33.0801	6.43976
33.4027	6.35746
33.8175	6.30077
35.2241	6.51335
36.9714	6.97573
37.7639	6.50463
36.7462	5.73967
38.2199	5.99384
39.6935	6.248
24.0628	6.94119
26.6337	7.71006
28.7207	7.82184
30.2783	8.30735
33.0012	8.21481
33.3362	7.27261
30.2269	7.19268
30.234	6.63745
33.1424	7.37068
35.0512	8.07933
36.2501	7.64644
35.0777	7.05735
35.0712	6.67199
36.3333	6.88576
37.3401	7.05036
38.8003	7.33535
40.5728	7.30623
44.6132	8.56254
44.7684	7.63175
43.2242	7.27867
61.4616	16.5049
27.9198	8.35318
28.7344	7.9919
30.7265	8.37266
31.8567	8.6508
35.7522	9.06471
33.6011	8.2369
59.4156	16.7815
60.7625	17.242
36.0509	8.1039
37.4225	8.23552
37.0931	7.43423
36.408	7.89242
37.0284	7.10424
38.988	7.53147
41.3421	8.08289
44.2659	9.89
43.3817	8.10783
45.9011	8.78693
46.2776	8.13235
32.2601	9.69342
29.3666	8.79992
60.0272	17.409
33.5929	9.03896
38.2591	9.8899
36.9754	9.28112
52.3738	15.4206
52.0628	16.2373
37.2121	8.44028
38.3733	8.77667
38.9448	8.2531
37.9848	8.41516
69.4259	15.2511
41.9302	8.2787
43.105	8.55939
44.4743	8.91196
43.9156	8.95337
51.3384	10.334
48.7268	9.50469
49.8884	9.1816
33.7069	10.1402
30.8134	9.24667
66.9658	15.1024
46.3288	12.3698
37.2201	9.87289
40.8074	10.7091
40.5913	10.3571
43.0976	11.0617
46.8955	11.5002
45.8544	10.7292
41.1657	9.31226
39.5931	8.91633
67.9571	15.4081
69.8104	16.1451
44.6698	8.97919
48.0076	9.84324
50.391	10.4266
52.8583	11.043
53.9499	11.1634
54.9958	11.4796
38.0147	11.2582
70.5785	16.7198
45.5454	12.9913
47.29	12.6458
45.1134	11.9673
42.6573	11.019
45.604	11.7663
47.9366	12.2711
47.8695	11.2734
50.3132	11.9439
53.0891	12.3491
55.3457	12.975
69.2208	16.5151
67.5899	16.3805
50.2166	10.4336
51.2545	10.7144
69.4824	16.9844
55.3257	11.6593
56.0417	11.7958
59.9487	12.0451
41.4416	12.6609
41.3283	11.9072
43.9362	12.4757
46.544	13.0442
49.2984	13.485
48.2003	12.8345
48.7285	12.6926
50.4886	13.0229
63.883	15.826
55.2296	13.6498
52.9478	13.0102
54.404	13.0251
57.5417	13.6175
61.4027	14.6844
67.1672	16.0713
52.353	11.0042
54.4895	11.5748
56.3558	12.0149
58.2222	12.4551
61.3165	12.5916
42.9748	12.6591
61.166	15.5659
61.3085	16.4241
51.8348	14.3445
51.775	14.0436
51.0588	13.5255
53.239	14.1395
53.8265	13.889
56.197	14.2025
57.4182	14.2115
58.2287	13.9233
56.3164	13.4742
59.7376	14.26
63.0677	15.1088
53.1335	11.6294
53.2847	10.6409
57.9989	12.547
60.7625	13.1772
61.6584	13.3767
62.6634	13.4248
45.1039	13.5366
51.6734	15.1807
53.2117	15.8803
54.3713	15.2041
55.5304	15.6017
54.164	14.5031
55.4192	14.7536
58.2563	15.1985
57.1644	14.7552
58.7621	14.1344
59.3861	14.771
59.9851	14.505
61.2242	14.7671
59.8396	16.0333
64.7328	15.5332
68.0404	17.0965
67.903	16.106
61.5083	13.5192
63.3837	13.9146
64.1996	13.8219
49.9835	15.1747
51.5218	15.8744
55.5066	16.382
56.6947	15.99
56.4107	15.1328
57.1306	15.294
57.8776	15.4088
59.3483	15.6419
59.2066	14.9384
60.1861	14.5328
61.4637	15.079
62.9832	15.293
65.2865	15.8368
66.3979	15.9576
67.8251	16.2417
68.8295	16.4823
68.9854	15.5147
65.0178	14.4915
66.2736	14.5823
67.1735	14.4538
51.1626	15.689
51.2103	15.5031
57.8015	16.8836
58.8605	16.7622
58.0267	16.3557
58.9129	15.8138
