-3.54197	-0.749377
-4.94008	-1.15293
6.91953	0.788597
5.14799	0.706472
2.31493	-0.866546
2.38759	-0.652605
7.01353	0.0846896
6.98723	0.203355
8.08384	0.160685
8.93224	-0.338347
11.0324	0.0803492
78.6194	16.2382
13.8794	0.250153
14.922	0.357685
16.0545	0.708226
15.5491	-0.189132
16.8235	0.112501
18.938	0.645783
19.5982	0.169525
18.367	-0.263111
4.16975	0.837657
5.97632	1.1208
7.71152	1.39914
7.87226	1.39429
80.9286	16.8641
9.33176	0.709168
9.30461	0.638199
9.92797	1.08678
10.541	0.510983
11.9586	0.440638
13.7102	0.838735
15.5548	1.34229
14.7187	0.79384
17.5324	0.968245
16.7334	0.100725
15.9845	0.71344
20.1536	0.9718
20.9782	0.866182
21.5416	0.811325
22.4075	0.688521
4.75668	1.54272
7.04024	1.24618
9.12047	1.72103
10.5965	2.08211
74.1641	15.7141
10.4264	1.00403
11.521	1.29889
11.7695	1.38089
11.9644	1.50116
12.8658	1.05801
14.1243	0.977421
16.29	1.51421
17.64	1.89412
20.0809	1.62827
19.1647	1.43591
76.3171	16.3305
23.7333	1.89896
24.9985	1.97948
23.485	1.45312
24.2867	0.994198
6.4263	1.94911
8.10417	1.37149
77.586	16.9101
15.7393	3.33854
78.4954	17.6961
15.3018	2.31256
13.8392	1.92336
14.0009	1.91554
15.2653	1.68268
17.3541	2.07593
20.4386	2.37746
19.4406	2.31373
20.1117	2.55887
22.5574	2.38586
20.861	1.91088
25.4917	2.42088
26.2426	2.58457
26.4852	2.1222
28.6637	2.51171
26.2245	1.75239
75.7756	17.006
8.09592	2.35549
19.3771	4.64682
18.4245	4.21193
19.1595	3.9771
76.2328	16.1166
16.7644	2.70177
15.7661	2.53144
16.4838	2.29793
21.5315	2.86241
19.4428	2.46918
18.4448	2.40576
22.5913	3.11324
24.7603	3.60819
25.7695	3.3414
27.4807	2.97669
28.857	3.43405
28.7841	2.61815
31.0661	3.41188
30.8708	2.74161
11.4453	3.09397
9.77059	2.72473
20.3297	5.08157
20.3374	4.25505
22.1477	4.68334
76.6955	17.0031
20.1986	3.61394
17.7882	2.93608
18.6393	2.79413
23.6203	3.25564
25.5702	3.84188
26.0529	3.97101
26.8829	4.13106
28.4524	4.11006
27.3046	3.78494
28.9158	3.77744
31.9035	4.17171
32.9781	4.1483
33.7869	3.9555
33.1199	3.46322
18.0408	4.92666
71.9997	16.645
22.3305	5.65972
22.431	4.70949
23.4857	4.99987
24.771	5.30322
23.1215	4.40715
23.1215	4.40715
20.7947	3.29033
22.9502	3.78654
25.2351	4.10733
27.5201	4.42812
29.0056	4.65393
30.7707	4.85158
29.7958	4.32289
31.0555	4.34408
33.465	4.87381
34.2417	4.53874
34.8543	4.64555
36.2064	4.43519
25.2583	6.51888
26.3624	6.64896
24.3464	6.15434
24.511	5.24561
26.6439	5.79365
26.8053	5.73922
26.0443	5.20036
26.9899	5.52572
27.8296	6.06866
73.8453	16.838
33.0034	5.86078
30.794	5.23034
32.83	5.63215
33.9721	5.67628
69.5306	16.2162
36.6599	5.65824
37.6476	5.52493
36.7305	5.1428
39.2105	5.66744
39.8752	5.41813
23.5286	6.20328
26.8752	6.83213
28.492	7.14538
69.3801	17.0995
32.7201	7.36787
29.682	6.58076
28.7896	6.11058
29.1927	5.93315
28.5832	6.72599
67.8821	16.7688
37.8958	7.15701
35.2127	6.49122
35.501	6.38924
35.8657	6.2938
37.3195	6.49447
39.1404	6.95797
39.8582	6.44172
38.6149	5.73814
40.1527	5.96511
41.6906	6.19209
26.4334	6.864
29.2462	7.59038
31.3621	7.83443
33.0368	8.26766
35.769	8.21555
36.0396	7.25288
32.5502	7.163
32.3411	6.66594
35.4894	7.39873
37.6379	8.12317
38.7406	7.69219
37.4221	7.12167
37.2121	6.64561
38.5245	6.84731
39.5733	7.00926
41.074	7.26296
42.9435	7.26116
47.3658	8.5184
47.2667	7.58299
45.603	7.22861
67.0125	16.4745
30.6705	8.25693
31.4554	7.8994
33.5282	8.33051
34.7083	8.60446
38.8178	9.06323
36.3108	8.21542
65.0421	16.8635
66.5155	17.2817
38.6378	8.13152
40.059	8.2627
39.6188	7.52199
38.9214	7.9374
39.296	7.03775
41.3656	7.47535
43.8873	8.02077
47.0059	9.80913
46.0288	8.0806
48.7308	8.76091
48.9174	8.07224
35.4841	9.64551
32.275	8.7198
65.7792	17.3734
36.5844	8.99569
41.5957	9.88235
40.0713	9.26784
57.7415	15.4182
57.4327	16.2007
39.8649	8.45905
41.0921	8.78658
41.6726	8.32081
40.6781	8.42048
74.571	15.2422
44.5757	8.22656
45.8186	8.50128
47.2897	8.85027
46.6218	8.88583
54.7343	10.3254
51.8161	9.49657
52.9216	9.12959
37.0887	10.1084
33.8796	9.18265
72.0112	15.0977
50.6957	12.3636
40.5383	9.84538
44.4336	10.6964
44.101	10.3547
46.8359	11.0558
50.7933	11.5334
49.5486	10.823
44.1657	9.34312
42.4354	8.90326
73.135	15.4132
75.2151	16.0845
47.5188	8.92048
51.1906	9.79691
53.7976	10.3924
56.4607	11.0068
57.6524	11.1543
58.775	11.4597
41.8976	11.2811
76.1889	16.7294
49.9683	13.0499
51.6584	12.634
49.2559	11.9789
46.36	11.0049
49.5707	11.757
52.0381	12.2439
51.7615	11.2829
54.5618	12.0632
57.5702	12.4687
59.9911	13.0886
74.7917	16.5487
73.0645	16.3787
53.62	10.3933
54.6997	10.66
75.6964	16.9606
59.1238	11.6212
59.8977	11.7651
64.079	12.0829
45.7056	12.6547
45.4756	11.9417
48.2218	12.5081
50.968	13.0745
53.878	13.4794
52.6416	12.8658
53.0528	12.7026
54.8653	13.0151
69.3276	15.8892
60.04	13.779
57.5278	13.1296
59.0304	13.1056
62.3713	13.7161
66.5207	14.7563
72.9613	16.3705
55.9406	10.9628
58.2611	11.5322
60.2808	11.9755
62.3006	12.4188
65.571	12.6606
47.3119	12.6586
66.4612	15.6001
66.7733	16.4227
56.7228	14.3718
56.5129	14.0087
55.6951	13.5483
58.0464	14.1534
58.5268	13.9009
61.1142	14.2828
62.3892	14.3255
63.158	13.9742
61.0942	13.5399
64.7514	14.3436
68.2901	15.1691
56.7527	11.5463
56.8519	10.5512
62.1268	12.5152
65.1386	13.1561
66.0897	13.3444
67.1068	13.4451
49.7146	13.5384
56.9418	15.19
58.5571	15.8753
59.5676	15.2643
60.8209	15.6897
59.0966	14.4964
60.3977	14.7585
63.3859	15.2183
62.1884	14.7866
63.7863	14.2731
64.4794	14.8312
65.0577	14.563
66.3262	14.8202
65.2141	16.036
70.0594	15.5819
73.5314	17.2128
73.3813	16.2241
65.9925	13.4982
68.0068	13.8984
68.7996	13.8018
55.1872	15.19
56.8025	15.8752
60.9865	16.3694
62.1074	16.0484
61.5777	15.0701
62.2766	15.3143
63.0722	15.4186
64.5834	15.65
64.3309	14.9976
65.2987	14.6343
66.6554	15.1334
68.1975	15.3272
70.631	15.853
71.8287	15.9946
73.3257	16.2805
74.3125	16.5885
74.2107	15.6205
69.8582	14.4812
71.1435	14.5686
72.0649	14.4488
56.4665	15.6848
56.515	15.4957
63.4158	16.8634
64.477	16.7912
63.5637	16.4496
64.2811	15.768
