-3.75753	-0.753769
-5.30952	-1.15845
7.44673	0.834219
5.40666	0.726882
2.21925	-0.741074
2.06711	-1.00704
7.06787	0.070677
6.93813	0.162241
8.07386	0.125812
8.91528	-0.351323
11.193	0.105265
84.6989	16.2444
14.3221	0.362343
14.9522	0.359814
16.1206	0.700632
15.5463	-0.1559
16.8745	0.134742
19.1676	0.679171
19.7552	0.155805
18.3855	-0.25357
4.66523	0.924661
6.50779	1.17828
8.2542	1.42414
8.37683	1.41017
87.2374	16.8603
9.57779	0.69302
9.53926	0.633122
10.1887	1.06557
10.7234	0.446096
12.2083	0.438219
14.0805	0.834805
16.0789	1.31437
15.2206	0.801267
17.7496	0.966847
16.814	0.149569
16.0288	0.720795
20.4883	0.975555
21.2985	0.856267
21.8991	0.802253
22.8516	0.714041
5.45423	1.47417
7.5972	1.30128
9.75003	1.73687
11.347	2.09346
79.9585	15.7303
10.738	0.980692
11.8981	1.26836
12.1826	1.36092
12.3898	1.47653
13.2382	0.998405
14.5236	0.966834
16.8389	1.49545
18.2902	1.84436
20.5147	1.64835
19.5689	1.43128
82.3385	16.3529
24.4472	1.8929
25.7437	1.97099
24.0429	1.4487
24.8621	1.06847
7.25953	1.90045
8.68662	1.42422
83.8103	16.9274
17.055	3.36673
84.8501	17.6681
15.9864	2.27506
14.4081	1.8907
14.5909	1.88748
15.898	1.65988
18.1358	2.0583
21.1024	1.77203
20.2473	2.29052
20.9804	2.48971
23.2658	2.37186
21.4174	1.90157
26.3886	2.40415
27.1309	2.54662
27.3191	2.11871
29.6631	2.51287
26.9836	1.75918
81.9686	17.0053
9.06484	2.32673
21.0867	4.65848
20.0347	4.24649
20.7525	3.9926
82.8145	16.4719
17.5648	2.65943
16.5318	2.48166
17.2456	2.2685
22.6113	2.8551
20.3735	2.45672
19.5184	2.97514
23.6556	3.08562
25.956	3.60765
26.8969	3.31654
28.573	2.94861
30.0268	3.38942
29.819	2.60554
32.3422	3.37603
32.0041	2.78173
12.6679	3.09959
10.8664	2.71316
22.1388	5.07044
21.9864	4.26773
23.9586	4.68463
83.4406	17.2516
21.3762	3.58299
18.6964	2.88522
19.5496	2.76094
24.8491	3.25349
26.9435	3.82934
27.4386	3.95535
28.2721	4.11983
29.8636	4.08869
28.5115	3.75657
30.1756	3.72634
33.387	4.13816
34.4934	4.14596
35.2561	3.87043
34.4695	3.48602
19.8809	4.89945
78.2731	16.6755
24.3664	5.64853
24.2109	4.71059
25.38	4.99317
26.7207	5.27997
24.6223	4.39164
24.6223	4.39164
21.8536	3.25338
24.1575	3.74581
26.5977	4.0755
29.0379	4.40519
30.5882	4.63202
32.394	4.80799
31.2795	4.33339
32.5149	4.28942
35.0987	4.80623
35.8733	4.51342
36.5462	4.63873
37.8741	4.40847
27.717	6.49823
28.8219	6.63924
26.5941	6.14388
26.4358	5.23706
28.7421	5.78201
28.8005	5.66176
27.8683	5.20029
28.7907	5.58661
29.7091	5.98229
80.2335	17.1758
35.119	5.87169
32.6681	5.23039
34.8234	5.62657
35.9408	5.64544
75.6124	16.2048
38.619	5.58719
39.619	5.44987
38.5989	5.13149
41.2442	5.6453
41.8878	5.39044
25.8789	6.16951
29.4406	6.81997
31.1643	7.1417
75.6133	17.0792
35.4544	7.40372
32.0983	6.59286
30.9146	6.07074
31.277	5.92995
30.5137	6.57606
73.9538	16.7226
40.6485	7.17709
37.5699	6.51298
37.8074	6.40098
38.104	6.27724
39.6073	6.47603
41.5099	6.9479
42.1297	6.37066
40.6625	5.71724
42.276	5.93816
43.8894	6.15911
29.0152	6.80202
32.0564	7.50916
34.2811	7.78957
36.0621	8.17142
38.8223	8.23603
38.9618	7.24579
35.101	7.131
34.6856	6.6596
38.0942	7.38924
40.504	8.16658
41.499	7.70314
40.0207	7.15427
39.5495	6.61509
40.9145	6.80902
42.0077	6.96989
43.5467	7.19537
45.5246	7.2039
50.3727	8.45047
50.0115	7.5787
48.2154	7.21477
73.0801	16.4375
33.6551	8.19562
34.4031	7.81291
36.5955	8.26152
37.8335	8.52071
42.1902	9.06834
39.2874	8.19127
71.3062	16.9371
72.8914	17.3381
41.5029	8.11889
42.9773	8.252
42.4275	7.58591
41.7154	7.93687
41.7573	6.98095
43.9569	7.4238
46.6639	7.96375
49.9752	9.71395
48.9195	8.03714
51.8254	8.72155
51.817	8.04741
39.0198	9.62579
35.4433	8.67235
72.1495	17.365
39.8635	8.9271
45.2611	9.87201
43.4739	9.25153
63.6666	15.4322
63.3519	16.18
42.8012	8.43621
44.0996	8.75351
44.6985	8.35983
43.6623	8.39511
80.2463	15.2449
47.4651	8.17933
48.7834	8.44838
50.3677	8.79419
49.5623	8.80317
58.4626	10.3147
55.2029	9.48476
56.2548	9.10384
40.808	10.1025
37.2315	9.14907
77.5785	15.1077
55.488	12.3504
44.181	9.80176
48.4158	10.6743
47.956	10.3452
50.9399	11.0417
55.0845	11.5439
53.6362	10.8782
47.4834	9.33905
45.57	8.86434
78.8611	15.4399
81.1648	16.0653
50.6344	8.8674
54.679	9.75618
57.5362	10.3617
60.4167	10.9741
61.7223	11.1447
62.9293	11.4406
46.1814	11.3285
82.3662	16.7575
54.8457	13.1168
56.4525	12.6143
53.808	11.9794
50.4249	10.9828
53.9238	11.7381
56.5327	12.2097
56.0609	11.328
59.2548	12.1468
62.5135	12.5625
65.112	13.1769
80.9222	16.5877
79.0799	16.3873
57.3541	10.3592
58.4791	10.6132
82.4523	17.404
63.2971	11.5865
64.1363	11.7365
68.6462	12.1385
50.4133	12.6541
50.0501	12.0071
52.9479	12.5675
55.8457	13.1279
58.9115	13.4803
57.5278	12.8843
57.8009	12.698
59.6672	12.9944
75.321	15.9224
65.3478	13.8744
62.5837	13.2104
64.1302	13.1606
67.6919	13.7933
72.1535	14.8149
79.2533	16.9257
59.8798	10.9284
62.4054	11.4975
64.5958	11.9418
66.7861	12.386
70.2914	12.7482
52.094	12.6801
72.2787	15.6164
72.7624	16.3775
62.1167	14.4111
61.7047	13.9751
60.7902	13.5531
63.3248	14.1458
63.6863	13.8942
66.5265	14.3343
67.8699	14.4199
68.5839	13.9979
66.3571	13.5793
70.2717	14.4098
74.0352	15.22
60.7257	11.4616
60.7645	10.4623
66.6698	12.4934
69.9569	13.1392
70.9677	13.3137
72.0106	13.4765
54.7994	13.5576
62.764	15.2131
64.4658	15.8857
65.3219	15.342
66.6906	15.7972
64.5041	14.474
65.8594	14.7385
69.0168	15.208
67.7053	14.7941
69.3244	14.4101
70.087	14.8687
70.641	14.5991
71.9405	14.8592
71.1023	16.0056
75.9169	15.6252
79.6051	17.333
79.3736	16.3602
70.9341	13.4893
73.1022	13.8886
73.8705	13.7926
60.934	15.2165
62.6359	15.8891
67.0501	16.3754
68.1099	16.1246
67.2286	15.0079
67.9176	15.2974
68.7693	15.3973
70.3283	15.6218
69.9624	15.0408
70.9265	14.7346
72.369	15.1692
73.9331	15.3528
76.5065	15.8701
77.7986	16.0303
79.3688	16.3145
80.3319	16.6461
80.0192	15.7128
75.1985	14.4851
76.5141	14.5647
77.4604	14.457
62.3191	15.692
62.3701	15.5052
69.6344	16.8651
70.7016	16.8426
69.7209	16.5361
70.151	15.7216
