-3.97851	-0.749301
-5.69976	-1.15448
8.07412	0.898725
5.73199	0.765054
2.16677	-0.595566
1.71064	-1.17898
7.10003	0.0475343
6.852	0.0983454
8.0226	0.0559246
8.85966	-0.38513
11.3203	0.0942104
91.4038	16.2584
14.6603	0.627876
15.0259	0.380466
16.2345	0.707232
15.583	-0.0911705
16.9662	0.175121
19.4536	0.728624
19.9411	0.145406
18.4226	-0.237282
5.25756	1.00927
7.13878	1.25248
8.89334	1.47221
8.97107	1.4466
94.1925	16.8621
9.82408	0.665714
9.77466	0.617165
10.456	1.02771
10.8692	0.346407
12.4351	0.404754
14.4302	0.79444
16.5844	1.25048
15.6224	0.938886
18.0367	0.990981
16.9538	0.23587
16.1217	0.750217
20.8832	0.995661
21.6706	0.853889
22.3078	0.795366
23.3564	0.749753
6.19251	1.42413
8.25436	1.42378
10.4859	1.79075
12.2102	2.12816
86.3647	15.7653
11.0572	0.945549
12.2903	1.22536
12.6167	1.32605
12.8376	1.43521
13.5948	0.91243
14.9072	0.920831
17.3793	1.43691
18.927	1.75545
21.0615	1.69828
20.0677	1.45905
88.9993	16.394
25.2473	1.89681
26.5773	1.96653
24.6744	1.44533
25.5185	1.1595
8.14968	1.84379
9.36994	1.59507
90.6945	16.9682
18.5295	3.40989
91.8735	17.6553
16.7215	2.22244
15.0143	1.84353
15.2191	1.84271
16.5582	1.61132
18.9615	2.01568
21.7628	1.50269
21.0754	2.22892
21.8386	2.3747
24.0866	2.38441
22.0771	1.92172
27.3825	2.40447
28.1162	2.51153
28.2464	2.12324
30.7683	2.52474
27.8174	1.77895
88.8133	17.0179
10.1069	2.26345
22.9838	4.66256
21.8254	4.28176
22.5277	4.02997
89.7759	17.3277
18.4286	2.60135
17.3536	2.42273
18.0586	2.21604
23.7681	2.82432
21.3648	2.42003
20.6773	3.14624
24.7714	3.02098
27.2422	3.56784
28.1464	3.30992
29.777	2.93411
31.3158	3.34175
30.9596	2.61038
33.7369	3.34372
33.2712	2.8428
14.0147	3.09086
12.0608	2.67716
24.1422	5.04336
23.8185	4.30702
25.9665	4.70905
90.7382	17.6378
22.6627	3.53469
19.6749	2.81973
20.5262	2.70525
26.1714	3.22862
28.4266	3.79517
28.9292	3.91377
29.7741	4.08077
31.4149	4.07764
29.8497	3.72984
31.5634	3.68287
35.0173	4.10729
36.1568	4.1507
36.8553	3.79631
35.9686	3.50457
21.9033	4.87575
85.1838	16.6882
26.614	5.60281
26.1865	4.74968
27.4781	5.01164
28.8745	5.28111
26.2741	4.35681
26.2741	4.35681
22.9937	3.19445
25.4613	3.68365
28.0716	4.02269
30.6818	4.36173
32.306	4.5937
34.1653	4.77246
32.9144	4.33772
34.1189	4.23766
36.8888	4.74223
37.6642	4.49694
38.4059	4.63796
39.7069	4.38456
30.4162	6.45971
31.5263	6.59384
29.0701	6.09832
28.5701	5.25816
31.0699	5.79384
30.9823	5.60816
29.8855	5.17893
30.8251	5.52133
31.7275	5.95204
87.3016	17.1725
37.4367	5.85739
34.7136	5.21064
37.0019	5.60959
38.0937	5.6236
82.2741	16.1832
40.7577	5.52267
41.7714	5.42872
40.6551	5.12523
43.4823	5.63406
44.0996	5.36694
28.4555	6.13246
32.2585	6.77882
34.1009	7.09793
82.4388	17.0225
38.5094	7.45181
34.7896	6.62283
33.2507	6.02916
33.5783	5.90107
32.6634	6.30456
80.5999	16.6517
43.6572	7.20014
40.1598	6.50413
40.3372	6.39703
40.5532	6.26349
42.1152	6.47016
44.1153	6.95512
44.6083	6.3065
42.9146	5.69526
44.612	5.91907
46.3094	6.14289
31.8364	6.7388
35.118	7.44013
37.4654	7.71553
39.3406	8.05367
42.2086	8.26175
42.1222	7.26549
37.9063	7.09639
37.2712	6.62323
40.964	7.34538
43.6657	8.2001
44.5354	7.67842
42.8828	7.15087
42.106	6.59727
43.5309	6.78529
44.6735	6.9467
46.2517	7.14584
48.3429	7.14465
53.6523	8.36317
53.049	7.61726
51.0997	7.23451
79.7182	16.3949
36.9211	8.15981
37.6106	7.71735
39.9384	8.1743
41.2349	8.41925
45.9079	9.07168
42.562	8.16362
78.2471	17.0054
79.9481	17.3963
44.6569	8.06753
46.1879	8.20598
45.5314	7.63376
44.7933	7.85552
44.4444	6.96332
46.7936	7.39425
49.7063	7.92649
53.2143	9.6056
52.0776	7.9828
55.2105	8.67094
55.0185	8.05665
42.9146	9.62733
38.919	8.64898
79.1977	17.3794
43.4432	8.84315
49.2875	9.85502
47.2176	9.23084
70.2072	15.4594
69.8772	16.1706
46.0332	8.37225
47.4096	8.67697
48.0331	8.37061
46.9474	8.31964
86.5073	15.2581
50.6328	8.15256
52.0345	8.41515
53.7442	8.75753
52.7575	8.71606
62.561	10.305
58.9215	9.46871
59.9303	9.10359
44.9124	10.1165
40.9168	9.13815
83.7302	15.1366
60.742	12.331
48.1741	9.74773
52.7865	10.6439
52.192	10.3287
55.4467	11.0198
59.8024	11.5343
58.1429	10.8997
51.1348	9.30053
49.012	8.79216
85.1977	15.4891
87.7402	16.0863
54.0529	8.83406
58.5116	9.73359
61.6471	10.3467
64.7676	10.9558
66.2005	11.1414
67.5003	11.4299
50.9194	11.3888
89.1961	16.7985
60.2349	13.1929
61.7094	12.5843
58.8055	11.9695
54.8875	10.9534
58.7014	11.7109
61.462	12.1689
60.7962	11.4227
64.4296	12.2017
67.9631	12.6418
70.7563	13.2497
87.6977	16.6287
85.7195	16.4013
61.4599	10.3428
62.6342	10.5851
89.9924	18.3039
67.8881	11.5649
68.8002	11.7185
73.7053	12.1904
55.6141	12.6396
55.1091	12.0949
58.172	12.6459
61.2349	13.197
64.4475	13.4812
62.8978	12.8923
63.0126	12.6825
64.9363	12.9636
81.9232	15.9425
71.2004	13.9431
68.1583	13.2568
69.7502	13.1987
73.5571	13.8573
78.3651	14.8644
86.2427	16.9304
64.2133	10.9117
66.9667	11.4807
69.3451	11.924
71.7236	12.3674
75.5409	12.8197
57.3737	12.7125
78.6672	15.6225
79.315	16.3023
68.0717	14.448
67.3966	13.9418
66.3826	13.5459
69.1136	14.1243
69.3496	13.8739
72.4816	14.3637
73.9153	14.5024
74.5578	14.0038
72.154	13.6012
76.3578	14.4649
80.3724	15.2639
65.0989	11.3761
65.0583	10.377
71.6763	12.4897
75.2653	13.1366
76.3388	13.2982
77.4315	13.4984
60.4106	13.5866
69.1958	15.2466
70.9943	15.9082
71.6959	15.4147
73.211	15.8848
70.4269	14.4437
71.8446	14.7026
75.1939	15.1762
73.7628	14.7842
75.4346	14.5531
76.2649	14.8916
76.7916	14.6226
78.1272	14.8897
77.5482	15.9522
82.3796	15.6633
86.3297	17.4722
85.9691	16.5395
76.3859	13.4988
78.7218	13.8951
79.4643	13.7896
67.2795	15.2512
69.078	15.9128
73.7552	16.3966
74.763	16.1972
73.3957	14.963
74.0973	15.252
75.0108	15.3549
76.625	15.5681
76.1561	15.0738
77.1251	14.843
78.6626	15.1968
80.2542	15.374
82.9869	15.8877
84.3869	16.0628
86.0361	16.3413
86.9571	16.6935
86.4685	15.8072
81.0956	14.5079
82.4403	14.5751
83.4141	14.4743
68.7761	15.7082
68.8329	15.5265
76.5161	16.8849
77.5941	16.8986
76.546	16.6145
76.5659	15.6817
