-4.20452	-0.732578
-6.11044	-1.1387
8.82287	0.951999
6.14034	0.784246
2.15735	-0.447493
1.2816	-1.28427
7.10468	0.0467922
6.71778	0.0385375
7.91349	-0.0155853
8.74952	-0.401661
11.3981	0.0858122
98.7977	16.2844
14.8841	0.604711
15.1842	0.409882
16.4265	0.715477
15.6837	0.00435907
17.1208	0.240487
19.819	0.80207
20.1581	0.148667
18.4788	-0.210264
5.94581	1.07788
7.89204	1.31747
9.65417	1.50782
9.67672	1.46818
101.859	16.8768
10.0669	0.657036
10.0074	0.619819
10.7294	0.995652
10.957	0.25127
12.6177	0.379319
14.729	0.757955
17.0185	1.18902
15.9513	0.896843
18.416	1.01895
17.1741	0.349063
16.2872	0.801026
21.3588	1.04066
22.1077	0.869843
22.7755	0.803681
23.9218	0.795958
6.97451	1.42016
9.06109	1.53423
11.3638	1.83382
13.2131	2.15211
93.4597	15.83
11.3808	0.927712
12.6947	1.19838
13.07	1.30266
13.3069	1.40148
13.9205	0.836418
15.2492	0.881084
17.8807	1.38285
19.5227	1.68175
21.7272	1.73376
20.6727	1.49199
96.3809	16.4646
26.1493	1.92164
27.5132	1.97962
25.393	1.4587
26.2575	1.23887
9.07511	1.81968
10.2301	1.75096
98.3312	17.0324
20.1896	3.4429
99.6592	17.6529
17.5065	2.18105
15.6569	1.80863
15.8844	1.80731
17.2387	1.56967
19.8272	1.97985
22.5389	1.39766
21.9103	2.17538
22.6859	2.29009
25.0271	2.39905
22.8499	1.94552
28.4891	2.43193
29.2119	2.49218
29.2813	2.1493
31.9908	2.5546
28.7328	1.81117
96.4439	17.0487
11.1757	2.2192
25.0869	4.63671
23.8204	4.293
24.5153	4.074
97.5111	17.3409
19.3562	2.55347
18.2315	2.37909
18.9218	2.16888
25.0041	2.80019
22.4156	2.39004
21.787	3.16776
25.9398	2.96793
28.6296	3.52501
29.5249	3.31609
31.1068	2.94387
32.7335	3.30549
32.2229	2.64942
35.2576	3.33554
34.6915	2.9178
15.471	3.09159
13.3234	2.65539
26.3533	4.98039
25.8669	4.358
28.2034	4.74226
98.5783	17.6331
24.0615	3.49291
20.7252	2.76473
21.5703	2.65588
27.5926	3.21036
30.0277	3.76872
30.5333	3.88235
31.4017	4.04548
33.1191	4.08198
31.3254	3.70572
33.091	3.65677
36.8093	4.0956
37.9838	4.18366
38.5937	3.74396
37.6186	3.52778
24.1209	4.86525
92.7417	16.704
29.0743	5.51487
28.4006	4.81122
29.8134	5.04113
31.2649	5.29288
28.0828	4.32478
28.0828	4.32478
24.2188	3.14289
26.8673	3.6299
29.6651	3.97849
32.4628	4.32708
34.1737	4.56595
36.103	4.75733
34.7125	4.35182
35.8814	4.2021
38.8538	4.69729
39.6306	4.50707
40.4496	4.66307
41.715	4.37333
33.3677	6.41848
34.4839	6.52994
31.7791	6.0224
30.9504	5.29244
33.6602	5.81199
33.3822	5.56971
32.1041	5.15665
33.1015	5.33407
34.0988	5.51148
95.0203	17.1722
39.9664	5.84237
36.9448	5.19694
39.3877	5.60416
40.4571	5.62573
89.568	16.1863
43.1028	5.48137
44.1331	5.43434
42.9154	5.14247
45.9459	5.64785
46.5267	5.35716
31.274	6.0998
35.3393	6.73128
37.3109	7.04409
89.9039	16.9597
41.9114	7.48695
37.7858	6.64947
35.8195	5.99384
36.0937	5.86486
35.0962	5.68829
87.8718	16.5873
46.9354	7.23459
42.9881	6.4878
43.1116	6.39848
43.2474	6.2737
44.8813	6.49211
47.0005	6.99034
47.32	6.26899
45.389	5.6947
47.1827	5.92397
48.9765	6.15324
34.916	6.67592
38.4611	7.38083
40.934	7.64263
42.897	7.95419
45.9565	8.27875
45.5049	7.3865
40.9907	7.06712
40.096	6.57534
44.0984	7.28581
47.1252	8.21641
47.8502	7.63858
46.0098	7.13322
44.9217	6.61273
46.4142	6.79379
47.6125	6.95571
49.2298	7.12865
51.4231	7.10588
57.2223	8.2919
56.4303	7.69449
54.299	7.29305
86.9815	16.3817
40.5054	8.1486
41.1037	7.62072
43.5813	8.09002
44.9378	8.328
50.0015	9.07055
46.1619	8.14041
85.9312	17.03
87.7585	17.4161
48.1007	7.99628
49.6906	8.14394
48.9139	7.71612
48.1517	7.67902
47.4209	7.00511
49.9241	7.40358
53.061	7.92413
56.7803	9.48042
55.5263	7.94278
58.913	8.63163
58.5675	8.10367
47.2117	9.65237
42.7408	8.64986
86.9961	17.3813
47.3505	8.76508
53.7073	9.83639
51.333	9.21369
77.428	15.5013
77.0724	16.1725
49.5625	8.2861
51.0243	8.57592
51.6723	8.37899
50.534	8.19848
93.4167	15.2856
54.1277	8.16178
55.6206	8.41659
57.4684	8.75484
56.2506	8.63222
67.0737	10.3097
63.01	9.46268
63.9909	9.1358
49.4472	10.1536
44.9763	9.15112
90.5385	15.1954
66.4969	12.3145
52.5483	9.69963
57.5798	10.617
56.8429	10.3162
60.3924	11.0035
64.978	11.5233
63.0908	10.9096
55.1259	9.24816
52.7643	8.70069
92.2195	15.5724
95.0213	16.165
57.8238	8.83514
62.7402	9.74271
66.1829	10.3603
69.5667	10.964
71.1375	11.1567
72.54	11.4395
56.1616	11.4618
96.7825	16.8532
66.1993	13.2691
67.4667	12.5585
64.2868	11.9627
59.7833	10.9295
63.9419	11.6908
66.8652	12.1371
65.9601	11.7118
70.123	12.2496
73.9662	12.7301
76.9745	13.3273
95.2339	16.6739
93.0925	16.4264
65.9907	10.357
67.2186	10.5883
97.8248	18.2904
72.9505	11.5677
73.9425	11.7223
79.2994	12.2412
61.3425	12.625
60.7143	12.2005
63.9568	12.7356
67.1992	13.2706
70.5372	13.4821
68.7953	12.9045
68.7295	12.6752
70.7149	12.9415
89.1641	15.9688
77.6449	14.0052
74.2922	13.2874
75.9368	13.2412
80.0243	13.9256
85.2303	14.9166
93.881	16.9381
68.9959	10.9253
72.0012	11.4935
74.5855	11.9333
77.1698	12.3731
81.3627	12.8731
63.1997	12.7629
85.6804	15.6414
86.4785	16.2332
74.6427	14.4599
73.64	13.9236
72.5175	13.5498
75.4596	14.1156
75.5627	13.861
79.0277	14.3929
80.5804	14.5919
81.1279	14.0119
78.5324	13.6266
83.0742	14.524
87.3865	15.3092
69.9283	11.2867
69.7751	10.2985
77.2066	12.5159
81.1235	13.1592
82.2633	13.305
83.4269	13.5058
66.6042	13.6283
76.3004	15.2828
78.2075	15.9302
78.7483	15.4377
80.441	15.8838
76.9144	14.437
78.4017	14.6813
81.9651	15.1513
80.4104	14.7806
82.1783	14.7016
83.065	14.9284
83.5625	14.6518
84.9481	14.9262
84.6029	15.9104
89.5426	15.7018
93.7815	17.6538
93.2709	16.794
82.412	13.5383
84.9286	13.93
85.6397	13.7901
74.2864	15.2918
76.1935	15.9392
81.1686	16.4123
82.1298	16.2171
80.1301	14.991
80.8682	15.2103
81.8454	15.3238
83.5197	15.522
82.9689	15.1117
83.9474	14.957
85.5865	15.2337
87.2276	15.4038
90.1601	15.9151
91.6988	16.0944
93.439	16.3566
94.2708	16.7818
93.6293	15.9374
87.6174	14.5608
88.9866	14.6082
89.986	14.5008
75.9005	15.7355
75.967	15.5589
84.1298	16.8944
85.2233	16.9169
84.1039	16.6438
83.5789	15.6914
