-4.47318	-0.713579
-6.58212	-1.12242
9.63931	0.960414
6.5667	0.750171
2.07662	-0.147569
0.802285	-1.29758
7.12647	0.0604189
6.57868	-0.0246898
7.79425	-0.082322
8.64115	-0.389209
11.4976	0.081504
106.912	16.313
15.1519	0.568236
15.3942	0.394325
16.6669	0.675872
15.8139	0.112363
17.3034	0.316237
20.2393	0.877061
20.372	0.168147
18.5203	-0.181381
6.69174	1.12343
8.71737	1.34773
10.4834	1.49663
10.4382	1.44081
110.27	16.9008
10.3501	0.6583
10.2817	0.630676
11.0534	0.949816
11.0391	0.183763
12.8279	0.370182
15.0659	0.733851
17.5002	1.14567
16.3261	0.856941
18.8632	1.01674
17.4433	0.474848
16.4907	0.855746
21.8908	1.09662
22.5841	0.896941
23.275	0.827052
24.5233	0.837787
7.79976	1.43464
9.96223	1.58213
12.3322	1.82396
14.3097	2.13144
101.26	15.9159
11.7523	0.918379
13.1546	1.17846
13.5865	1.27841
13.8423	1.3605
14.2748	0.784397
15.6327	0.85619
18.4374	1.3422
20.1773	1.62587
22.4974	1.73786
21.3707	1.49704
104.497	16.5574
27.1392	1.95924
28.5381	2.00453
26.178	1.48596
27.055	1.29439
10.0432	1.81679
11.2071	1.81651
106.753	17.0907
22.0117	3.43876
108.245	17.6157
18.3833	2.14185
16.3782	1.77634
16.6312	1.77118
17.9927	1.5409
20.7861	1.95609
23.4857	1.37568
22.8339	2.13404
23.6082	2.22403
26.0887	2.38947
23.7297	1.94325
29.7008	2.48088
30.4072	2.48285
30.4158	2.18857
33.3274	2.58933
29.7203	1.84106
104.885	17.0226
12.2867	2.19894
27.3771	4.55914
26.0049	4.25339
26.7046	4.10445
106.059	17.3113
20.3883	2.50736
19.2085	2.33808
19.8818	2.12546
26.3729	2.78646
23.5795	2.37127
22.9277	3.12963
27.2304	2.92588
30.1705	3.48928
31.0561	3.30396
32.5616	2.9735
34.2739	3.27967
33.6158	2.71079
36.909	3.34658
36.2641	2.9805
17.0414	3.09472
14.664	2.64683
28.7494	4.86491
28.1297	4.39134
30.6708	4.76325
107.233	17.6
25.61	3.45015
21.8898	2.7128
22.7295	2.60998
29.1663	3.20164
31.7999	3.74971
32.3089	3.8573
33.207	4.01582
35.0089	4.07861
32.9585	3.65709
34.7724	3.63353
38.7745	4.0988
39.9911	4.23847
40.4726	3.70061
39.4187	3.54262
26.5403	4.85525
101.075	16.7146
31.7243	5.38622
30.8622	4.85495
32.3919	5.0587
33.9017	5.29405
30.0812	4.28843
30.0812	4.28843
25.5771	3.09449
28.4247	3.57901
31.4291	3.9384
34.4335	4.29779
36.2434	4.54237
38.2507	4.74305
36.7044	4.3623
37.8239	4.17009
41.0127	4.66335
41.789	4.53718
42.6953	4.70651
43.9024	4.36213
36.5758	6.36905
37.6947	6.44664
34.7095	5.91643
33.5844	5.30927
36.5197	5.81308
36.0243	5.52996
34.5525	5.12672
35.6183	5.2982
36.6841	5.46971
103.527	17.1729
42.7487	5.82608
39.4105	5.18505
42.0345	5.60087
43.084	5.63007
97.6135	16.2204
45.6783	5.45722
46.7271	5.45393
45.3995	5.17455
48.6558	5.67291
49.1782	5.34836
34.3402	6.06258
38.689	6.6742
40.8023	6.97934
98.1179	16.8927
45.6603	7.49301
41.09	6.65305
38.6475	5.95396
38.8157	5.81275
37.7499	5.64123
95.8799	16.5282
50.5008	7.28679
46.0869	6.46711
46.1811	6.39863
46.2506	6.28994
47.9676	6.51659
50.2317	7.02062
50.2948	6.25347
48.1083	5.70843
50.0102	5.93985
51.9121	6.17127
38.2573	6.60667
42.0993	7.32001
44.7067	7.5677
46.762	7.86638
50.0772	8.27393
49.1252	7.96827
44.3813	7.03249
43.1575	6.51142
47.4993	7.21009
50.8873	8.20911
51.455	7.58626
49.4251	7.10814
48.0707	6.63654
49.6305	6.81038
50.889	6.97195
52.5377	7.12165
54.7962	7.08735
61.1146	8.24804
60.1882	7.77297
57.846	7.36012
94.9863	16.3929
44.4325	8.1428
44.8953	7.51778
47.5451	8.00418
48.968	8.24109
54.4941	9.05482
50.115	8.11102
94.347	16.98
96.3161	17.3664
51.8411	7.90876
53.4848	8.06439
52.5892	7.74552
51.7909	7.55213
50.7937	7.06422
53.4207	7.42405
56.7899	7.93274
60.7476	9.28962
59.2975	7.92123
62.9658	8.60691
62.4954	8.15814
51.9388	9.67901
46.9346	8.65487
95.5399	17.3342
51.6108	8.68761
58.5498	9.80858
55.8488	9.18956
85.3571	15.547
84.9652	16.1717
53.3997	8.18428
54.9583	8.45981
55.6262	8.35744
54.4247	8.10895
101.002	15.315
58.0137	8.18168
59.6022	8.42912
61.5981	8.76357
60.0766	8.54816
72.0359	10.3205
67.5031	9.46275
68.4658	9.17547
54.4409	10.1911
49.4367	9.16694
98.0224	15.2743
72.7929	12.3216
57.3334	9.65126
62.8309	10.5877
61.9433	10.2979
65.8152	10.9826
70.6977	11.5141
68.5393	10.9067
59.4802	9.18332
56.8361	8.62049
99.9329	15.6827
102.986	16.344
62.0058	8.84753
67.416	9.76254
71.19	10.3834
74.8557	10.981
76.5686	11.1783
78.0833	11.4559
61.9369	11.526
105.17	16.8615
72.7799	13.3215
73.7677	12.545
70.2956	11.9568
65.1496	10.902
69.687	11.6672
72.7784	12.0996
71.738	11.8068
76.4053	12.2785
80.6051	12.8066
83.8469	13.381
103.587	16.6323
101.255	16.3925
70.9935	10.3821
72.2786	10.6034
106.456	18.2292
78.5215	11.5785
79.5981	11.7336
85.4484	12.2854
67.6154	12.6309
66.9027	12.2895
70.3412	12.7956
73.7797	13.3018
77.2238	13.4671
75.2727	12.9128
75.0072	12.6676
77.0574	12.9178
97.1541	15.9817
84.764	14.0426
81.0558	13.287
82.7672	13.2673
87.1742	13.9619
92.8292	14.9161
102.301	16.9437
74.2713	10.9503
77.5491	11.5184
80.3539	11.9523
83.1586	12.3862
87.7695	12.9022
69.6009	12.8263
93.4216	15.6709
94.3595	16.1746
81.8367	14.4223
80.5056	13.9117
79.2658	13.559
82.4444	14.1163
82.3969	13.849
86.2502	14.4114
87.9585	14.6605
88.371	13.9952
85.5691	13.6313
90.5016	14.5428
95.1568	15.2894
75.2443	11.181
74.9576	10.2229
83.2945	12.5566
87.5621	13.1915
88.7709	13.3134
90.0163	13.4798
73.4059	13.6731
84.0956	15.3032
86.1188	15.9305
86.4495	15.3774
88.3132	15.7625
84.063	14.4511
85.623	14.6735
89.4234	15.1336
87.7365	14.7802
89.6538	14.802
90.5806	14.9583
91.0374	14.6554
92.4854	14.9269
92.3755	15.8826
97.4844	15.6626
102.001	17.9489
101.248	17.2915
89.0398	13.5947
91.7509	13.9803
92.4205	13.7729
81.9774	15.3233
84.0007	15.9507
89.2946	16.3961
90.178	16.15
87.5735	15.0866
88.3351	15.1791
89.3728	15.3056
91.1104	15.4871
90.4942	15.1503
91.488	15.0264
93.2334	15.2488
94.9348	15.3964
98.0948	15.8944
99.8121	16.0359
101.674	16.2465
102.194	16.9677
101.482	16.1149
94.7852	14.6328
96.1787	14.6519
97.2011	14.5219
83.7196	15.7615
83.7984	15.5886
92.4703	16.8617
93.5754	16.8641
92.3746	16.593
91.3147	15.7437
