-4.81102	-0.685927
-7.14482	-1.09971
10.4938	0.967153
6.96964	0.723303
2.00174	-0.184149
0.25083	-1.08317
7.18901	0.0598168
6.45357	-0.100695
7.68885	-0.13599
8.55528	-0.343478
11.6387	0.092668
115.796	16.348
15.4857	0.540115
15.6592	0.354065
16.9584	0.560114
15.9614	0.244186
17.4886	0.377358
20.691	0.923288
20.5652	0.215749
18.5256	-0.141643
7.47489	1.17331
9.58379	1.38166
11.3465	1.48967
11.2202	1.41936
119.48	16.9421
10.6957	0.645378
10.6195	0.623217
11.4421	0.868383
11.1453	0.165273
13.0874	0.383323
15.4628	0.727076
18.0532	1.11926
16.7695	0.829678
19.3723	0.988436
17.7419	0.638752
16.7199	0.928628
22.4599	1.14417
23.0818	0.929961
23.7906	0.8701
25.1476	0.887148
8.66726	1.46511
10.917	1.62289
13.3545	1.81426
15.4707	2.11541
109.8	15.9764
12.1934	0.895468
13.6911	1.14556
14.1846	1.23383
14.46	1.29459
14.6836	0.765018
16.0793	0.8503
19.0711	1.31727
20.9139	1.58488
23.3661	1.71275
22.1566	1.47385
113.386	16.6253
28.2084	2.00333
29.6436	2.03725
27.016	1.52445
27.9001	1.34724
11.0623	1.83277
12.2502	1.86413
116.026	17.1373
23.9841	3.43954
117.712	17.5191
19.3711	2.09214
17.1978	1.73112
17.478	1.7208
18.8431	1.52694
21.8608	1.94551
24.5847	1.40818
23.8664	2.10384
24.6285	2.16911
27.2695	2.34797
24.7131	1.91091
31.0165	2.55743
31.6961	2.47899
31.6454	2.2365
34.7745	2.63088
30.7747	1.87704
114.232	16.992
13.4574	2.20041
29.8509	4.48742
28.3782	4.21377
29.0909	4.1464
115.516	17.2815
21.5444	2.45316
20.3036	2.2875
20.9594	2.08061
27.896	2.78264
24.8784	2.36408
24.16	3.05975
28.6616	2.89041
31.8777	3.45985
32.7432	3.25449
34.1462	3.03149
35.9371	3.27057
35.1442	2.78125
38.6995	3.3719
37.9782	3.04002
18.7294	3.1071
16.0934	2.65376
31.3236	4.76106
30.6139	4.42718
33.3734	4.79261
116.8	17.5711
27.3278	3.40404
23.1889	2.65742
24.0236	2.56058
30.9137	3.20119
33.7632	3.73325
34.2736	3.83049
35.2043	3.98552
37.0918	4.04764
34.7466	3.56031
36.6111	3.60943
40.9225	4.11695
42.1951	4.30393
42.491	3.67275
41.3655	3.56045
29.1669	4.85609
110.279	16.7371
34.5674	5.28392
33.577	4.89182
35.2218	5.08231
36.7957	5.30197
32.2892	4.25122
32.2892	4.25122
27.0878	3.04054
30.1521	3.52051
33.3824	3.89291
36.6127	4.2653
38.5309	4.5112
40.6198	4.70721
38.8977	4.35143
39.955	4.13801
43.3776	4.64005
44.1515	4.58226
45.1583	4.76045
46.2713	4.36089
40.0568	6.34362
41.1743	6.38942
37.8708	5.83667
36.4805	5.32515
39.6601	5.81723
38.9281	5.49967
37.2506	5.0984
38.3908	5.2657
39.5309	5.433
112.917	17.1878
45.8135	5.8047
42.1326	5.16604
44.9591	5.58445
45.9872	5.60383
106.513	16.2868
48.4987	5.45148
49.5677	5.48464
48.1214	5.21697
51.6256	5.70388
52.0625	5.35129
37.6676	6.04751
42.3269	6.64237
44.5969	6.94112
107.175	16.8223
49.776	7.50014
44.718	6.65868
41.7589	5.92085
41.8112	5.76758
40.6711	5.6003
104.722	16.4671
54.4232	7.36545
49.4945	6.44336
49.5688	6.38636
49.574	6.28375
51.3831	6.50006
53.8169	6.97946
53.55	6.26285
51.0869	5.73524
53.1084	5.96301
55.1298	6.19078
41.8758	6.57073
46.0564	7.28797
48.815	7.52296
50.9751	7.81399
54.6031	8.2754
53.7439	8.78702
48.1107	7.00628
46.5226	6.45887
51.2339	7.15016
55.0041	8.17943
55.4077	7.54063
53.1754	7.08202
51.561	6.63395
53.188	6.79727
54.5113	6.95571
56.1863	7.09298
58.4851	7.08974
65.3636	8.22694
64.3351	7.83153
61.7574	7.41268
103.836	16.3947
48.7336	8.15445
49.0107	7.44691
51.8637	7.94907
53.3641	8.18603
59.4301	9.05068
54.4626	8.09171
103.553	16.9476
105.646	17.3253
55.9452	7.84145
57.64	7.99925
56.6348	7.71948
55.7541	7.50382
54.552	7.08347
57.2886	7.414
60.9028	7.91588
65.1534	8.87479
63.4201	7.91662
67.3988	8.59329
66.8199	8.20022
57.1238	9.70423
51.5303	8.67104
104.862	17.297
56.2655	8.6396
63.8676	9.79796
60.8144	9.17714
94.04	15.6047
93.6005	16.1713
57.6112	8.10656
59.2772	8.37167
59.9623	8.31926
58.6767	8.06533
109.304	15.3418
62.3	8.17364
63.99	8.41595
66.1453	8.7478
64.2193	8.51773
77.4737	10.324
72.4281	9.46161
73.3783	9.2078
59.9206	10.2208
54.3271	9.18764
106.214	15.3274
79.7198	12.3697
62.5808	9.62905
68.6007	10.5812
67.5556	10.2929
71.7852	10.9752
77.007	11.5149
74.5488	10.9107
64.2629	9.12975
61.295	8.56575
108.359	15.7517
111.663	16.4767
66.6109	8.83457
72.5549	9.75841
76.6868	10.3844
80.6561	10.9787
82.5192	11.1864
84.1559	11.4583
68.2751	11.5759
114.441	16.8716
80.0058	13.3279
80.6969	12.5826
76.9048	11.9786
71.0535	10.8909
76.0147	11.6574
79.2932	12.0769
78.1501	11.7959
83.3497	12.3129
87.9657	12.8898
91.4595	13.44
112.856	16.6059
110.311	16.3653
76.4865	10.3835
77.8329	10.596
115.992	18.1609
84.6255	11.5729
85.7926	11.7302
92.1855	12.3195
74.4814	12.6546
73.7043	12.3563
77.3546	12.8215
81.0049	13.2868
84.5693	13.4629
82.4033	12.9347
81.9291	12.6706
84.052	12.9068
105.987	16.004
92.6371	14.0807
88.522	13.2906
90.3234	13.3054
95.0966	14.0051
101.26	14.9275
111.598	16.9624
80.0594	10.9522
83.6323	11.5209
86.6743	11.9515
89.7163	12.382
94.7826	12.906
76.6249	12.898
101.986	15.7112
103.057	16.125
89.698	14.3992
88.0737	13.9095
86.7114	13.5752
90.1563	14.1235
89.9422	13.8483
94.2348	14.4353
96.1322	14.7259
96.3732	13.9955
93.3483	13.6504
98.7337	14.5703
103.785	15.2848
81.0547	11.0488
80.6407	10.1385
89.9641	12.5734
94.6097	13.2053
95.8901	13.3027
97.2168	13.419
80.8528	13.7181
92.6217	15.3242
94.7658	15.934
94.8267	15.3354
96.8333	15.6778
91.9673	14.4676
93.6013	14.6719
97.6629	15.1279
95.8324	14.7898
97.9396	14.8825
98.9003	14.998
99.3068	14.6706
100.832	14.9367
100.965	15.8573
106.311	15.642
111.338	17.8346
110.347	17.9689
96.2959	13.6259
99.2188	14.0139
99.837	13.7345
90.3929	15.3535
92.5369	15.9632
98.1683	16.3856
98.9338	16.1012
95.8464	15.1653
96.5934	15.1548
97.689	15.2936
99.4934	15.466
98.8229	15.1944
99.837	15.0824
101.696	15.271
103.47	15.3972
106.891	15.8813
108.837	15.9993
110.866	16.1805
110.727	17.0436
110.033	16.1941
102.628	14.6784
104.05	14.6836
105.097	14.537
92.2774	15.7881
92.3703	15.6225
101.571	16.8373
102.681	16.8241
101.396	16.5586
99.8834	15.7818
