-5.15114	-0.698315
-7.73395	-1.11894
11.453	0.963309
7.41324	0.706085
1.91095	-0.200918
-0.20284	-0.464571
7.24822	0.0692554
6.29845	-0.150702
7.56463	-0.119537
8.45307	-0.219543
11.7745	0.195806
125.602	16.3377
15.8108	0.643675
15.9104	0.448978
17.2529	0.577383
16.1571	0.266703
17.7361	0.308624
21.2274	0.837431
20.8147	0.238115
18.5644	-0.137577
8.36274	1.19959
10.5551	1.40353
12.3054	1.48616
12.0844	1.40665
129.646	16.9482
11.0637	0.642899
10.9766	0.620618
11.8422	0.779025
11.2644	0.259482
13.3591	0.477421
15.8791	0.803701
18.6364	1.17727
17.2236	0.910464
19.9008	1.02637
18.0704	0.676226
17	0.880091
23.1271	1.08512
23.667	0.89895
24.3949	0.874585
25.8647	0.906415
9.64922	1.47212
11.9861	1.64732
14.491	1.80635
16.7556	2.10721
119.263	15.8794
12.6652	0.88367
14.2667	1.12445
14.8229	1.19499
15.1162	1.23198
15.1243	0.832499
16.5526	0.922751
19.7461	1.36808
21.6984	1.61936
24.2953	1.73845
22.9924	1.50569
123.244	16.5251
29.4265	1.97776
30.8988	2.01341
27.975	1.51106
28.8634	1.3658
12.2053	1.83116
13.4171	1.89109
126.257	17.1433
26.1608	3.45312
128.139	17.5232
20.4405	2.05687
18.0822	1.6981
18.3901	1.68494
19.7673	1.57431
23.0306	1.99502
25.7895	1.55234
24.9794	2.13866
25.7217	2.18025
28.54	2.3424
25.7662	1.92404
32.5151	2.59527
33.1486	2.41346
33.0388	2.23665
36.402	2.63668
31.9667	1.88157
124.447	17.1638
14.7614	2.19019
32.5641	4.45606
30.994	4.2033
31.7225	4.19232
125.86	17.4306
22.7988	2.41565
21.4889	2.25067
22.1297	2.07138
29.5574	2.83646
26.294	2.41574
25.484	3.00206
30.2128	2.90923
33.7354	3.48009
34.5692	3.21851
35.9418	3.0559
37.8002	3.22349
36.8772	2.80423
40.7032	3.36483
39.8989	3.06671
20.6055	3.10232
17.6835	2.64626
34.1343	4.70883
33.3684	4.46522
36.3526	4.83123
127.273	17.6974
29.203	3.38012
24.6011	2.62655
25.4308	2.54129
32.8208	3.25718
35.9054	3.76049
36.4143	3.8405
37.3816	3.99236
39.3656	4.02209
36.6715	3.46813
38.6382	3.57384
43.329	4.10241
44.6766	4.31805
44.7184	3.64091
43.5276	3.55838
32.0771	4.8494
120.38	16.8636
37.672	5.23755
36.5852	4.92907
38.3423	5.11664
39.9833	5.3247
34.7063	4.23788
34.7063	4.23788
28.7318	3.0112
32.0328	3.4811
35.5114	3.87245
38.9901	4.2638
41.0277	4.50462
43.2092	4.67294
41.3051	4.33661
42.3108	4.09593
46.0172	4.60557
46.7954	4.58559
47.9214	4.77051
48.8953	4.35016
43.8858	6.35192
44.9954	6.37799
41.3337	5.80777
39.6783	5.34943
43.1214	5.83626
42.1177	5.49434
40.2096	5.09564
41.4306	5.26047
42.6515	5.4253
123.226	17.2987
49.1627	5.80724
45.1063	5.16985
48.156	5.58073
49.1597	5.55767
116.316	16.4223
51.6487	5.43884
52.7421	5.48649
51.1661	5.22297
54.9426	5.69846
55.2589	5.34864
41.334	6.0592
46.3268	6.64884
48.7678	6.94575
117.114	16.7984
54.3072	7.53082
48.7143	6.68354
45.1751	5.9153
45.0933	5.75497
43.8724	5.59013
114.437	16.4407
58.7302	7.47328
53.2191	6.44462
53.2745	6.38624
53.2102	6.27009
55.1142	6.44218
57.7172	6.85631
57.1855	6.2701
54.4151	5.73769
56.5672	5.95582
58.7192	6.17395
45.8507	6.59198
50.4109	7.29765
53.3264	7.52428
55.6013	7.80889
59.5842	8.30557
58.9186	9.05185
52.2087	7.0105
50.2068	6.44534
55.3203	7.13571
59.482	8.13268
59.7285	7.53186
57.2754	7.082
55.3832	6.62381
57.0799	6.75581
58.4768	6.90223
60.19	7.02809
62.616	7.08639
70.1113	8.18967
68.9802	7.8276
66.1349	7.39796
113.568	16.4122
53.506	8.17451
53.5143	7.43176
56.6023	7.94332
58.1904	8.17879
64.8613	9.08032
59.2423	8.1057
113.669	16.9369
115.903	17.3023
60.4338	7.82608
62.1815	7.98171
61.0604	7.71844
60.0807	7.49371
58.6747	7.07966
61.5238	7.36716
65.4036	7.85275
70.0882	8.41587
68.0465	7.90267
72.3512	8.55884
71.6492	8.18255
62.8746	9.69701
56.6289	8.68201
115.11	17.2681
61.3783	8.63893
69.719	9.82586
66.2759	9.2009
103.625	15.6308
103.126	16.1193
62.2172	8.08512
64.0005	8.34417
64.7033	8.3179
63.3233	8.06379
118.469	15.3082
66.9929	8.11806
68.7906	8.35053
71.1091	8.67238
69.0673	8.15931
83.5025	10.2785
77.9085	9.42483
78.8416	9.18781
65.9975	10.2045
59.7517	9.18951
115.283	15.2338
87.378	12.4574
68.3524	9.65134
74.9518	10.617
73.7285	10.3273
78.3504	11.0095
83.9333	11.5752
81.1371	10.9834
69.4961	9.13159
66.1697	8.55916
117.704	15.6237
121.393	16.211
71.6557	8.76643
78.1938	9.68906
82.7307	10.3177
87.0457	10.9083
89.0966	11.1322
90.8654	11.3959
75.2884	11.5734
124.605	17.0153
87.9382	13.2858
88.3532	12.6788
84.191	12.044
77.5479	10.922
82.9722	11.6917
86.4497	12.1077
85.1915	11.8414
90.9618	12.4401
96.0416	13.0834
99.7983	13.6309
122.953	16.8873
120.19	16.5721
82.524	10.3135
83.9396	10.5159
126.437	18.2471
91.3607	11.4988
92.6343	11.6595
99.6306	12.2971
82.0713	12.6316
81.2254	12.3702
85.081	12.8003
88.9367	13.2305
92.653	13.4819
90.2565	12.9879
89.5425	12.7134
91.7399	12.9462
115.676	16.1444
101.277	14.2151
96.696	13.397
98.5988	13.4634
103.764	14.2072
110.456	15.1696
121.803	17.0812
86.4285	10.8772
90.333	11.4409
93.6424	11.8719
96.9518	12.3029
102.519	12.8436
84.4044	12.9186
111.409	15.8029
112.609	16.1236
98.3344	14.4059
96.404	13.9332
94.9075	13.6209
98.644	14.1613
98.2349	13.9009
103.004	14.5354
105.116	14.8934
105.113	14.1409
101.856	13.8022
107.73	14.7834
113.182	15.5558
87.4284	10.866
86.9188	10.0056
97.3227	12.49
102.387	13.1341
103.743	13.2158
105.143	13.291
89.0786	13.7055
102.024	15.3075
104.294	15.9087
104.016	15.3299
106.16	15.6501
100.671	14.5063
102.38	14.7017
106.718	15.1767
104.73	14.8557
107.043	15.0639
108.034	15.1585
108.354	14.8323
109.959	15.1187
110.409	15.8638
115.909	15.9421
120.787	16.6331
119.823	16.3681
104.312	13.5391
107.464	13.9515
108.022	13.6317
99.6772	15.3369
101.946	15.938
107.936	16.3598
108.541	16.0856
104.971	15.2428
105.682	15.1594
106.834	15.3179
108.705	15.4977
107.981	15.2916
109.006	15.248
110.972	15.4253
112.808	15.5738
116.499	16.0729
118.635	16.3283
120.795	16.6184
120.535	15.6655
119.554	15.9134
111.302	14.5882
112.745	14.6283
113.812	14.4951
101.721	15.7631
101.829	15.6142
111.578	16.8109
112.687	16.8044
111.304	16.5501
109.317	15.8276
