-5.51355	-0.6666
-8.3758	-1.09416
12.5163	0.984081
7.90464	0.715661
1.81107	-0.192186
-0.313047	-0.00107531
7.29398	0.0497069
6.11533	-0.217526
7.45102	-0.123404
8.36343	-0.177059
11.9411	0.217338
136.398	16.3714
16.1743	0.635994
16.1809	0.43155
17.5593	0.541076
16.3511	0.27061
17.9758	0.265757
21.7665	0.755788
21.1282	0.311345
18.6255	-0.0898818
9.35109	1.25728
11.6337	1.45417
13.3679	1.50818
13.0412	1.41959
140.853	17.0016
11.4467	0.612784
11.3366	0.585561
12.2229	0.672323
11.4701	0.323504
13.6779	0.501542
16.3487	0.809489
19.2824	1.16655
17.7284	0.901271
20.4673	0.997961
18.4054	0.674184
17.2722	0.831854
23.831	1.04013
24.3076	0.898973
25.083	0.916903
26.6662	0.961936
10.739	1.51472
13.1726	1.6999
15.7498	1.82237
18.1778	2.12352
129.642	15.8672
13.1613	0.845262
14.8759	1.07774
15.4882	1.1309
15.7938	1.14839
15.6417	0.858764
17.0854	0.929026
20.4929	1.35651
22.5608	1.59423
25.3051	1.70723
23.8983	1.47806
134.051	16.5082
30.7599	1.96338
32.2797	2.00444
29.0377	1.52246
29.9329	1.41803
13.4702	1.8676
14.7116	1.94563
137.492	17.1359
28.5687	3.48841
139.589	17.4977
21.5931	1.99819
19.0286	1.64082
19.3647	1.62446
20.7916	1.58457
24.3188	2.00931
27.1257	1.74044
26.2004	2.11962
26.9141	2.14059
29.922	2.29222
26.9101	1.88514
34.1758	2.64506
34.7375	2.35166
34.5794	2.25396
38.2008	2.66523
33.287	1.91678
135.692	17.1607
16.2014	2.22048
35.558	4.47307
33.886	4.23177
34.6336	4.24136
137.246	17.4259
24.1575	2.35556
22.7727	2.18884
23.4023	2.03603
31.3733	2.85881
27.8461	2.43406
26.9207	2.81324
31.9079	2.88272
35.7634	3.46159
36.5593	3.15331
37.9292	3.07533
39.8498	3.1796
38.7979	2.83403
42.9153	3.37457
42.0214	3.1189
22.6732	3.13732
19.4373	2.6789
37.23	4.71436
36.4227	4.51117
39.6456	4.87203
138.8	17.6912
31.2526	3.33567
26.1378	2.57305
26.966	2.49315
34.9005	3.28356
38.2438	3.75665
38.753	3.81267
39.7587	3.96382
41.8481	3.96895
38.763	3.37591
40.8619	3.53506
45.9885	4.07564
47.4304	4.29158
47.1614	3.67989
45.9091	3.59574
35.2879	4.88223
131.51	16.8941
41.0948	5.24867
39.9194	4.9738
41.7916	5.15367
43.5034	5.34907
37.3577	4.20601
37.3577	4.20601
30.5296	2.95027
34.0932	3.4074
37.8402	3.81857
41.5871	4.22975
43.7541	4.46606
46.0351	4.61332
43.9379	4.29324
44.9005	4.04993
48.932	4.56741
49.7191	4.5616
50.9812	4.74849
51.7867	4.38497
48.1303	6.42014
49.2263	6.42382
45.1606	5.83624
43.2154	5.38057
46.947	5.86246
45.6305	5.48163
43.4628	5.07634
44.7719	5.23799
46.081	5.39964
134.584	17.3233
52.826	5.77767
48.3563	5.14198
51.6471	5.54831
52.6169	5.48959
127.142	16.4734
55.1324	5.41906
56.2519	5.46894
54.532	5.20539
58.6017	5.67451
58.789	5.37948
45.4045	6.132
50.7594	6.71386
53.3885	7.00757
128.037	16.7583
59.3168	7.57647
53.1319	6.71947
48.9364	5.89866
48.6992	5.72294
47.3901	5.56129
125.118	16.391
63.4744	7.63697
57.2957	6.41336
57.3266	6.35622
57.1792	6.23244
59.1701	6.36854
61.9256	6.72443
61.212	6.26747
58.0946	5.72296
60.383	5.9333
62.6714	6.14364
50.2884	6.70502
55.2442	7.36547
58.3153	7.58252
60.7128	7.85212
65.0875	8.34657
64.4398	9.10842
56.7251	7.00491
54.2523	6.40864
59.8054	7.09433
64.3917	8.03528
64.4635	7.48999
61.7655	7.04905
59.5598	6.58785
61.3211	6.69772
62.7976	6.83691
64.5569	6.95857
67.1873	7.07808
75.3422	8.14935
74.0879	7.78171
70.9314	7.3303
124.269	16.4041
58.8129	8.17936
58.4878	7.51768
61.838	8.00191
63.5229	8.22263
70.8582	9.11668
64.5138	8.11116
124.796	16.9512
127.185	17.3055
65.3585	7.78003
67.1616	7.93093
65.9122	7.67892
64.8181	7.45503
63.1818	7.05087
66.1428	7.30988
70.3093	7.78827
75.3964	8.3651
73.1626	7.88869
77.812	8.52996
76.9526	8.12369
69.2159	9.67272
62.2805	8.67714
126.384	17.2688
67.0264	8.68373
76.1814	9.86201
72.3024	9.21741
114.175	15.7212
113.606	16.0964
67.2708	8.03251
69.1831	8.28498
69.9044	8.27552
68.4181	8.02705
128.548	15.3193
72.1112	8.06157
74.0237	8.28812
76.5133	8.6033
74.2795	8.12691
90.1284	10.2573
83.9422	9.40407
84.846	9.13726
72.6836	10.1705
65.7482	9.17493
125.233	15.2261
95.8639	12.5629
74.7268	9.69623
81.966	10.6575
80.5383	10.3505
85.5901	11.028
91.5627	11.5877
88.3898	10.9946
75.2435	9.0902
71.5183	8.51359
127.96	15.6217
132.011	16.2078
77.16	8.70601
84.3537	9.63814
89.342	10.2758
94.0433	10.8692
96.3146	11.1105
98.227	11.3692
82.9986	11.5625
135.79	17.0133
96.6114	13.2272
96.8436	12.7635
92.2456	12.1032
84.713	10.9433
90.6418	11.7054
94.3333	12.1057
92.948	11.8467
99.3474	12.4805
104.951	13.1652
108.992	13.6962
134.088	16.8907
131.073	16.5764
89.1263	10.2697
90.6183	10.4655
137.919	18.1651
98.7446	11.4626
100.139	11.6279
107.808	12.2822
90.4134	12.6128
89.4942	12.3728
93.5521	12.7737
97.61	13.1747
101.555	13.4971
98.9174	13.0289
97.9323	12.7314
100.21	12.9498
126.353	16.1741
110.805	14.2335
105.692	13.4143
107.713	13.5279
113.32	14.265
120.598	15.2109
133.047	17.1087
93.3985	10.8357
97.6706	11.4018
101.278	11.8358
104.886	12.2698
111.003	12.8132
92.9706	12.9267
121.799	15.8245
123.117	16.0946
107.838	14.4204
105.578	13.9438
103.939	13.6456
107.993	14.1755
107.371	13.9071
112.669	14.549
115.04	14.9017
114.712	14.2323
111.213	13.8801
117.647	14.8339
123.549	15.5879
94.3788	10.6384
93.7178	9.88809
105.388	12.4629
110.921	13.1195
112.353	13.1799
113.815	13.2181
98.1141	13.6986
112.366	15.3264
114.772	15.918
114.121	15.3437
116.409	15.6533
110.257	14.522
112.048	14.7054
116.69	15.1763
114.533	14.8644
117.095	15.0909
118.113	15.1776
118.313	14.8935
120.015	15.1575
120.799	15.8413
126.501	15.965
131.493	16.8571
130.493	16.8349
113.106	13.524
116.522	13.9599
116.993	13.5667
109.888	15.3571
112.294	15.9487
118.678	16.3667
119.106	16.0952
115.027	15.303
115.684	15.1263
116.9	15.3112
118.848	15.4881
118.079	15.3142
119.12	15.2751
121.196	15.4541
123.097	15.598
127.085	16.0872
129.452	16.342
131.772	16.6198
131.012	15.9802
129.995	15.9147
120.824	14.585
122.297	14.6352
123.386	14.4847
112.111	15.7782
112.237	15.6512
122.585	16.8153
123.692	16.8113
122.202	16.5664
119.699	15.8513
