-0.0159321	-0.0101243
0.984054	-0.00506031
2.00391	0.00461594
3.00352	0.0326507
4.00268	-0.00821682
5.00247	0.0124057
5.99979	0.00299025
7.00088	-0.00581577
7.99306	-0.0107135
8.98408	-0.0151771
0.47968	0.858422
1.47967	0.863483
2.47944	0.884314
3.47861	0.843456
4.4784	0.864082
5.50931	0.874447
6.4467	0.526159
7.36317	0.926255
8.49249	0.855649
9.4797	0.85336
0.0019623	1.73694
0.975295	1.72696
2.01462	1.70837
3.0144	1.72918
4.01357	1.68833
5.01335	1.70896
6.01966	1.73442
6.99522	1.8561
7.99512	1.84222
8.98812	1.72419
0.497582	2.60548
1.49671	2.56382
2.4965	2.58461
3.55005	2.57362
4.55666	2.59859
9.57061	7.78159
6.52521	2.59722
7.50719	2.71511
8.5071	2.70122
9.49826	2.56857
0.0340931	3.49157
1.03323	3.44992
2.03301	3.47071
3.03214	3.42905
4.03193	3.44986
5.03352	3.47757
6.03348	3.46797
7.03344	3.45845
8.11766	3.50715
9.11756	3.49327
0.576273	4.33183
1.57541	4.29019
2.5752	4.31095
3.5748	4.33926
4.54182	4.34833
5.54177	4.33878
6.54171	4.32919
7.54167	4.31968
8.62963	4.36615
9.57749	4.38124
0.0494537	5.18181
1.11105	5.17583
2.11083	5.19658
3.0505	5.19078
4.0501	5.21909
5.05006	5.20956
6.04997	5.20001
7.04992	5.19042
8.04987	5.18093
9.04965	5.20169
8.57062	7.77654
1.59298	6.05205
2.59277	6.07278
3.55874	6.05199
4.55834	6.0803
5.55829	6.07079
6.55825	6.0612
7.55821	6.05172
8.53178	6.05715
9.5843	6.04677
0.0749849	6.91811
1.07492	6.92934
2.07492	6.92825
3.07492	6.92716
4.06668	6.95109
5.06663	6.94158
6.06658	6.93198
7.06653	6.92239
8.06648	6.91292
9.06642	6.90223
0.570606	7.78665
1.57586	7.79482
2.57586	7.79373
3.54986	7.80717
4.5749	7.81232
5.57485	7.80273
6.57488	7.79317
7.57484	7.78373
