-5.87887	-0.639182
-9.05432	-1.06902
13.7136	1.0087
8.46639	0.736495
1.71881	-0.168967
-0.469622	0.077153
7.31938	0.0416892
5.88912	-0.270767
7.32095	-0.147829
8.25873	-0.167294
12.1116	0.222355
148.309	16.3986
16.5412	0.620332
16.4419	0.416604
17.8693	0.522906
16.5494	0.277842
18.2293	0.244729
22.3254	0.704718
21.5315	0.362798
18.7316	-0.0496074
10.4672	1.31485
12.8479	1.50922
14.5621	1.538
14.1174	1.44231
153.228	17.041
11.8424	0.596521
11.6988	0.564173
12.5914	0.605826
11.7231	0.337759
14.0203	0.503102
16.852	0.801559
19.9754	1.14761
18.2583	0.883969
21.0631	0.976592
18.7513	0.667632
17.5485	0.793478
24.5913	1.01096
25.0257	0.898878
25.8794	0.944062
27.578	1.01524
11.9646	1.55966
14.5065	1.75936
17.1606	1.84458
19.7683	2.14812
141.086	15.8818
13.6809	0.822051
15.5194	1.04758
16.1846	1.08945
16.4988	1.09481
16.2118	0.85511
17.6603	0.919853
21.3003	1.3366
23.4916	1.56572
26.3925	1.68167
24.87	1.45713
145.962	16.5185
32.2279	1.95226
33.8047	1.98709
30.2272	1.52533
31.1345	1.46959
14.8893	1.91247
16.165	2.00949
149.836	17.1415
31.2473	3.53127
152.163	17.4927
22.836	1.958
20.0424	1.60241
20.4062	1.5838
21.9032	1.57725
25.7103	2.0031
28.5252	2.2642
27.533	2.09936
28.205	2.10443
31.4187	2.25122
28.1444	1.85417
36.0308	2.70465
36.4701	2.27634
36.2902	2.26228
40.2015	2.69216
34.7638	1.9525
148.005	17.1499
17.8139	2.26528
38.8829	4.50469
37.0992	4.27229
37.8672	4.29384
149.722	17.4136
25.6296	2.31359
24.1619	2.14904
24.7783	2.00648
33.3357	2.85689
29.5173	2.42894
28.5252	2.26427
33.7545	2.86013
37.9746	3.45139
38.7262	3.10024
40.1251	3.0859
42.0986	3.12436
40.927	2.84853
45.3662	3.38198
44.3854	3.17485
24.9825	3.19306
21.3982	2.72917
40.6665	4.73709
39.8173	4.56101
43.296	4.91831
151.439	17.6772
33.4926	3.30619
27.8072	2.53477
28.6328	2.45689
37.1541	3.28484
40.7873	3.74298
41.3045	3.79003
42.3526	3.94345
44.5581	3.92724
41.0401	3.30945
43.2982	3.49805
48.9016	4.0195
50.4423	4.19872
49.896	3.78474
48.5668	3.65695
38.8558	4.93615
143.738	16.9089
44.8962	5.27511
43.6231	5.02301
45.6141	5.19696
47.3999	5.38131
40.2669	4.18734
40.2669	4.18734
32.4872	2.9073
36.3417	3.3577
40.3811	3.77942
44.4205	4.20113
46.7306	4.43552
49.1211	4.56559
46.8167	4.25965
47.7347	3.99896
52.1268	4.51735
52.9221	4.49192
54.3333	4.67627
55.006	4.45022
52.8634	6.4931
53.9385	6.47829
49.4174	5.8767
47.1378	5.41845
51.186	5.89717
49.5047	5.47969
47.0412	5.06849
48.4464	5.22711
49.8517	5.38574
147.064	17.3315
56.8335	5.75534
51.9082	5.12081
55.4634	5.52471
56.3917	5.43408
139.05	16.4858
58.959	5.383
60.1055	5.42384
58.2244	5.15382
62.6151	5.63187
62.7055	5.42209
49.9519	6.20726
55.6993	6.78448
58.5352	7.07587
140.032	16.7169
64.8708	7.63314
58.0284	6.76516
53.0813	5.89265
52.6622	5.70301
51.2569	5.54437
136.847	16.3405
68.7721	7.93167
61.7589	6.38987
61.7616	6.33426
61.52	6.204
63.595	6.3114
66.4943	6.62437
65.6436	6.24569
62.1359	5.68421
64.5709	5.89707
67.0059	6.10993
55.2814	6.80871
60.6322	7.42335
63.8651	7.65833
66.3897	7.91368
71.1784	8.39652
70.48	9.11226
61.7054	7.00815
58.6947	6.38399
64.7273	7.06497
69.7716	7.89858
69.6528	7.45791
66.6842	7.0244
64.1311	6.55978
65.9574	6.65136
67.5207	6.78421
69.332	6.89804
72.2084	7.05614
81.0684	8.10482
79.6622	7.73065
76.1464	7.26027
136.025	16.405
64.663	8.1072
64.0525	7.66046
67.6648	8.09043
69.4475	8.28921
77.486	9.1599
70.3296	8.12364
137.054	16.9801
139.614	17.323
70.7599	7.74595
72.6214	7.89141
71.2301	7.64743
70.0085	7.42616
68.1187	7.02794
71.1989	7.26382
75.6826	7.73579
81.2169	8.32143
78.7733	7.86658
83.7985	8.50017
82.7414	8.05666
76.1829	9.61476
68.503	8.60972
138.803	17.2826
73.2945	8.74964
83.3236	9.90429
78.9537	9.23914
125.804	15.856
125.161	16.0466
72.8132	7.99251
74.8665	8.23907
75.6076	8.24081
74.0036	7.99883
139.659	15.3306
77.7208	8.01757
79.7601	8.23892
82.4388	8.54884
79.9951	8.09401
97.4076	10.2465
90.5635	9.3913
91.4216	9.06981
80.0228	10.1173
72.3429	9.11224
136.21	15.245
105.234	12.6828
81.7783	9.75142
89.7117	10.7003
88.0476	10.3757
93.5675	11.0469
99.9508	11.5987
96.3567	11.0065
81.5493	9.05705
77.3838	8.47682
139.299	15.6538
143.75	16.2456
83.1975	8.65949
91.1189	9.60232
96.6081	10.249
101.737	10.8454
104.252	11.1016
106.323	11.3563
91.4722	11.5399
148.049	17.0086
106.125	13.1357
106.223	12.8262
101.134	12.1544
92.6136	10.966
99.0874	11.718
103.005	12.1018
101.478	11.8502
108.558	12.5187
114.742	13.2467
119.089	13.7662
146.261	16.8757
142.98	16.5706
96.3831	10.2419
97.9596	10.4317
150.505	18.0352
106.866	11.4418
108.395	11.611
116.8	12.2624
99.5868	12.5866
98.5859	12.3666
102.856	12.7552
107.125	13.1439
111.354	13.5146
108.458	13.0647
107.165	12.745
109.526	12.9462
138.079	16.1897
121.262	14.2061
115.567	13.4252
117.724	13.6112
123.806	14.3272
131.709	15.2498
145.401	17.1202
101.064	10.8113
105.744	11.3808
109.681	11.8169
113.617	12.2531
120.332	12.7895
102.398	12.9175
133.217	15.8162
134.657	16.058
118.3	14.4448
115.673	13.9536
113.877	13.6654
118.277	14.1839
117.413	13.8982
123.281	14.5282
125.926	14.8165
125.273	14.4291
121.499	14.0201
128.524	14.8883
134.893	15.6113
101.95	10.3477
101.105	9.81218
114.274	12.4566
120.322	13.124
121.827	13.1588
123.342	13.1623
108.053	13.679
123.761	15.3485
126.316	15.9326
125.246	15.375
127.691	15.6843
120.799	14.5336
122.677	14.7024
127.643	15.1566
125.299	14.8502
128.131	15.0533
129.175	15.1446
129.25	14.9937
131.049	15.2082
132.211	15.8102
138.078	15.9728
143.493	16.8272
142.571	17.2122
122.804	13.5324
126.52	13.9932
126.847	13.5043
121.139	15.3788
123.695	15.9628
130.513	16.3815
130.739	16.1238
126.103	15.3879
126.66	15.06
127.96	15.2946
129.987	15.4629
129.17	15.3034
130.222	15.2626
132.42	15.4704
134.382	15.6217
138.681	16.0962
141.263	16.3343
143.722	16.584
142.698	16.2205
141.59	15.9697
131.335	14.6082
132.838	14.6569
133.925	14.4724
123.567	15.7869
123.709	15.6993
134.71	16.8305
135.814	16.8336
134.206	16.5986
131.114	15.8906
