-6.26669	-0.621409
-9.79684	-1.05023
15.0547	1.02344
9.10468	0.755636
1.63648	-0.142416
-0.72139	-0.131404
7.31971	0.0470814
5.61063	-0.314373
7.1564	-0.177399
8.12933	-0.165138
12.3042	0.23002
161.428	16.4162
16.9571	0.61543
16.7343	0.41192
18.2185	0.517118
16.7805	0.289049
18.5178	0.234052
22.9364	0.675607
22.005	0.391444
18.8691	-0.0226582
11.7179	1.3603
14.2078	1.55523
15.8982	1.5606
15.3225	1.46014
166.863	17.0641
12.2481	0.594364
12.0639	0.557428
12.9578	0.563605
11.9842	0.331602
14.3954	0.503321
17.4194	0.800128
20.7588	1.1401
18.858	0.877759
21.7269	0.965128
19.1412	0.664563
17.8602	0.767987
25.4317	0.991967
25.8288	0.895197
26.7777	0.956189
28.6024	1.05564
13.335	1.59347
16.0003	1.81142
18.7359	1.85605
21.5403	2.16465
153.704	15.8985
14.2221	0.813579
16.1962	1.0328
16.9146	1.06578
17.2351	1.06179
16.8113	0.840393
18.3071	0.91643
22.2188	1.32953
24.5394	1.55195
27.5999	1.66613
25.9479	1.44516
159.093	16.5319
33.8483	1.94388
35.4851	1.96741
31.5505	1.52094
32.4756	1.50747
16.4774	1.94798
17.7927	2.06761
163.428	17.153
34.2166	3.56305
166.007	17.4984
24.1707	1.93361
21.1245	1.58009
21.5125	1.55997
23.0629	1.55715
27.1236	1.9651
30.1314	2.23812
29.0784	2.10321
29.6456	2.08666
33.0695	2.21828
29.5087	1.83173
38.1099	2.75554
38.3535	2.20826
38.1853	2.26132
42.4252	2.70707
36.4095	1.97648
161.548	17.149
19.6197	2.30251
42.5632	4.5258
40.6569	4.30165
41.4465	4.33304
163.449	17.4113
27.2169	2.28711
25.6529	2.13043
26.2463	1.98531
35.3673	2.79771
31.1844	2.37305
30.1314	2.23812
35.8157	2.86089
40.4268	3.47464
41.1054	3.05178
42.5493	3.08861
44.5595	3.07604
43.2805	2.85009
48.082	3.38225
47.0236	3.21044
27.5738	3.23495
23.5968	2.76873
44.4695	4.74994
43.5757	4.59615
47.3302	4.95314
165.35	17.6736
35.9311	3.28821
29.607	2.5107
30.4197	2.4476
39.5502	3.22236
43.5323	3.70408
44.1111	3.78551
45.2118	3.94916
47.5321	3.8981
43.5379	3.25601
45.973	3.46081
52.0726	3.96903
53.6952	4.12084
52.9985	3.86137
51.5508	3.70118
42.8296	4.97183
157.192	16.9261
49.1036	5.28845
47.722	5.05699
49.8373	5.22897
51.701	5.40473
43.4503	4.17679
43.4503	4.17679
34.5932	2.90988
38.7666	3.37215
43.1405	3.77897
47.5144	4.18579
49.9968	4.42367
52.5059	4.53504
49.9754	4.24416
50.8361	3.94501
55.6144	4.4681
56.4085	4.43196
57.9768	4.61566
58.6076	4.49562
58.1128	6.5363
59.1613	6.50779
54.1324	5.89812
51.4738	5.44366
55.87	5.92018
53.7682	5.47817
50.9695	5.06537
52.4804	5.22151
53.9913	5.37765
160.796	17.3424
61.2272	5.74679
55.7988	5.11391
59.6488	5.518
60.5294	5.39527
152.13	16.487
63.1483	5.34866
64.3225	5.38505
62.2584	5.11048
67.0127	5.59689
67.0516	5.44805
55.0007	6.25133
61.176	6.82536
64.2391	7.11442
153.199	16.6796
71.0136	7.67315
63.4418	6.79666
57.6397	5.88835
57.0132	5.68983
55.5022	5.53376
149.719	16.2897
74.767	8.25033
66.6556	6.37967
66.6283	6.32673
66.2812	6.19144
68.4425	6.27466
71.4877	6.55713
70.5073	6.22612
66.5631	5.65108
69.165	5.86718
71.767	6.08329
60.8331	6.86491
66.5946	7.45053
70.0208	7.70417
72.6802	7.94947
77.9061	8.43123
77.1238	9.0541
67.1878	7.0104
63.573	6.36763
70.1329	7.04541
75.7145	7.93051
75.3509	7.43854
72.0839	7.01255
69.1473	6.54599
71.0411	6.62222
72.6987	6.74935
74.5655	6.85452
77.7188	7.04187
87.3477	8.07847
85.7672	7.69848
81.8499	7.21448
148.935	16.4186
71.0323	8.03943
70.2771	7.7549
74.1384	8.14557
76.0174	8.32854
84.7986	9.18931
76.7358	8.13244
150.557	17.0129
153.304	17.3433
76.6928	7.7232
78.6178	7.86457
77.0702	7.62787
75.7074	7.41029
73.5378	7.01697
76.7462	7.23377
81.5789	7.69966
87.6069	8.2931
84.9302	7.85763
90.3685	8.48935
89.0795	8.00611
83.8088	9.56256
75.2911	8.54714
152.482	17.2987
80.2388	8.78929
91.2043	9.93189
86.2839	9.25448
138.577	15.9921
137.895	15.9895
78.9013	7.96459
81.1099	8.20598
81.8727	8.21684
80.139	7.98187
151.896	15.3387
83.8795	7.98908
86.0583	8.20561
88.9452	8.51084
86.2686	8.07537
105.409	10.2554
97.8358	9.40326
98.6261	9.00847
88.0676	10.0703
79.5499	9.05485
148.316	15.265
115.581	13.0912
89.5664	9.78663
98.252	10.7286
96.3186	10.394
102.35	11.0602
109.178	11.6093
105.122	11.0202
88.4794	9.03349
83.8279	8.451
151.809	15.6848
156.715	16.2756
89.8289	8.62829
98.5551	9.58041
104.598	10.2352
110.199	10.8346
112.981	11.1075
115.229	11.3576
100.775	11.5233
161.535	17.0142
116.581	13.0639
116.556	12.8692
110.924	12.1914
101.316	10.9809
108.381	11.7263
112.541	12.098
110.86	11.8537
118.698	12.5552
125.536	13.3072
130.224	13.8193
159.642	16.8754
156.074	16.5726
104.364	10.2266
106.033	10.4107
164.361	17.8218
115.799	11.434
117.476	11.6076
126.676	12.2511
109.663	12.568
108.574	12.3645
113.076	12.7481
117.578	13.1316
122.135	13.5315
118.957	13.0929
117.318	12.7549
119.766	12.9421
150.978	16.2083
132.723	14.2064
126.431	13.4503
128.773	13.6736
135.368	14.3762
143.944	15.2846
158.994	17.1343
109.497	10.7984
114.63	11.3702
118.927	11.8087
123.225	12.2471
130.584	12.7789
112.757	12.9089
145.752	15.8022
147.322	16.0219
129.818	14.4739
126.772	13.9623
124.804	13.681
129.579	14.1891
128.441	13.8897
134.919	14.5219
137.809	14.7824
137.029	14.5605
132.901	14.1171
140.512	14.9331
147.377	15.636
110.114	10.0114
109.124	9.87052
124.062	12.4573
130.677	13.1334
132.248	13.1487
133.805	13.1275
118.971	13.6613
136.304	15.3713
139.025	15.9483
137.502	15.4162
140.124	15.7332
132.385	14.5432
134.354	14.6972
139.664	15.1375
137.116	14.8374
140.219	15.0485
141.3	15.1398
141.338	15.0651
143.217	15.2486
144.734	15.7759
150.81	15.9874
156.615	16.5431
155.896	17.2377
133.495	13.5445
137.557	14.0243
137.656	13.462
133.522	15.4008
136.244	15.9778
143.545	16.398
143.556	16.1621
138.324	15.4931
138.666	14.9705
140.102	15.2757
142.213	15.4376
141.339	15.2898
142.403	15.2661
144.763	15.4904
146.805	15.6441
151.44	16.1083
154.242	16.3389
156.836	16.5701
155.654	16.2674
154.398	16.0153
142.927	14.6316
144.46	14.6764
145.511	14.465
136.185	15.79
136.335	15.7478
148.065	16.8477
149.167	16.8612
147.429	16.6368
143.669	15.9473
