-6.71167	-0.613252
-10.6388	-1.04384
16.4947	1.00396
9.75581	0.740943
1.46106	-0.161683
-1.08568	-0.585374
7.36646	0.0901181
5.33135	-0.332231
7.00165	-0.185252
8.01067	-0.153175
12.5344	0.246372
175.844	16.4283
17.409	0.61466
17.0622	0.406064
18.6062	0.508878
17.0386	0.292344
18.8289	0.214496
23.5926	0.647139
22.517	0.404792
19.0057	-0.00694357
13.0751	1.38919
15.6792	1.58262
17.3326	1.54992
16.6066	1.44471
181.851	17.0768
12.7346	0.627029
12.5006	0.585795
13.3879	0.553149
12.3007	0.339563
14.8277	0.514304
18.0593	0.808982
21.6315	1.14303
19.5203	0.878842
22.4603	0.952113
19.5728	0.656425
18.2045	0.747629
26.3446	0.965472
26.6987	0.884676
27.7541	0.957828
29.7131	1.08142
14.8264	1.61348
17.6229	1.85236
20.435	1.82768
23.4573	2.14847
167.589	15.895
14.8556	0.839173
16.9767	1.05132
17.7473	1.07387
18.072	1.05961
17.4939	0.841138
19.0355	0.924134
23.2432	1.33396
25.7036	1.5502
28.9311	1.6507
27.1354	1.43098
173.54	16.5288
35.6186	1.92317
37.3127	1.94772
32.9911	1.51086
33.9351	1.52888
18.2098	1.97151
19.5666	2.12209
178.384	17.1548
37.4656	3.56736
181.238	17.4986
25.6668	1.93827
22.3448	1.58823
22.7561	1.56607
24.3602	1.55518
28.6944	1.9403
31.9112	2.22227
30.7938	2.11911
31.2402	2.08222
34.8804	2.18121
31.0079	1.80609
40.4231	2.7486
40.3836	2.16204
40.2549	2.25237
44.8605	2.70813
38.2054	1.98627
176.458	17.1479
21.5933	2.32954
46.6016	4.52465
44.5598	4.30714
45.3744	4.34759
178.569	17.4121
28.9887	2.28832
27.3185	2.14119
27.886	1.99216
37.6063	2.73326
33.0287	2.32543
31.9112	2.22227
38.1009	2.88223
43.1561	3.53409
43.7068	2.99321
45.2123	3.05802
47.2429	3.03262
45.8553	2.84128
51.0592	3.37242
49.9225	3.22287
30.4239	3.25479
26.0086	2.79216
48.6435	4.74216
47.7023	4.60652
51.7654	4.96889
180.638	17.671
38.6343	3.29173
31.6105	2.51329
32.4133	2.47871
42.1839	3.14108
46.557	3.66687
47.2124	3.80215
48.3786	3.98405
50.7996	3.8759
46.2711	3.19126
48.9019	3.39966
55.5319	3.92632
57.2333	4.07341
56.4327	3.88577
54.8393	3.71741
47.2056	4.98019
172.011	16.9501
53.7261	5.28131
52.2267	5.06788
54.4825	5.24327
56.4342	5.41453
46.969	4.18205
46.969	4.18205
36.9405	2.96526
41.4678	3.4518
46.199	3.82223
50.9301	4.19265
53.601	4.43401
56.2312	4.5189
53.4518	4.24893
54.2259	3.86575
59.4262	4.40898
60.2149	4.39092
61.9532	4.57632
62.5778	4.50873
63.8914	6.55326
64.909	6.5125
59.3175	5.8969
56.2424	5.45002
61.0244	5.92669
58.4662	5.47983
55.3038	5.07238
56.9306	5.22635
58.5575	5.38033
175.92	17.3613
66.0687	5.75735
60.0878	5.12768
64.2595	5.53284
65.0801	5.36552
166.544	16.5
67.7391	5.31102
68.9422	5.35372
66.6731	5.07924
71.8317	5.56783
71.8334	5.45166
60.5591	6.26822
67.2052	6.84002
70.519	7.12678
167.708	16.6676
77.7801	7.694
69.4023	6.81035
62.6646	5.88989
61.8112	5.68828
60.1844	5.5343
163.911	16.2586
81.4649	8.42202
72.0496	6.38701
71.9875	6.33684
71.5212	6.19551
73.7691	6.2507
76.9656	6.50955
75.848	6.20788
71.4164	5.62391
74.2034	5.84017
76.9903	6.05643
66.9486	6.88841
73.1553	7.45713
76.8039	7.72084
79.6114	7.95994
85.3167	8.4504
84.4301	8.91294
73.229	7.01585
68.95	6.36393
76.0888	7.03957
82.2296	7.77759
81.626	7.43508
78.0305	7.01668
74.6686	6.54775
76.6303	6.60645
78.3894	6.72649
80.3133	6.82155
83.771	7.03315
94.2424	8.06494
92.4642	7.67425
88.1018	7.17839
163.2	16.4758
78.0014	7.99976
77.1543	7.79295
81.2772	8.16545
83.2589	8.34006
92.8534	9.20679
83.7935	8.14181
165.31	16.9945
168.293	17.3232
83.2276	7.71522
85.2215	7.85348
83.5014	7.6234
81.9821	7.40922
79.5017	7.01812
82.8452	7.21508
88.059	7.67327
94.6287	8.2737
91.694	7.85841
97.5876	8.49402
96.0282	7.96138
92.1678	9.52349
82.7235	8.50767
167.472	17.2863
87.8923	8.80274
99.8841	9.94764
94.3579	9.26776
152.597	16.0266
151.886	15.9836
85.6067	7.95203
87.9858	8.18885
88.7724	8.20703
86.8954	7.97885
165.342	15.3454
90.6496	7.96956
92.9809	8.18092
96.0961	8.48134
93.1613	8.06606
114.207	10.2786
105.834	9.43799
106.522	8.94633
96.89	10.0314
87.4457	9.01558
161.637	15.2612
127.104	13.4679
98.1456	9.8047
107.657	10.747
105.428	10.4109
112.022	11.0745
119.341	11.6266
114.778	11.0404
96.1122	9.02317
90.9247	8.43936
165.577	15.6922
170.986	16.2836
97.1185	8.60442
106.73	9.56249
113.383	10.2239
119.502	10.8261
122.58	11.1193
125.02	11.3632
110.985	11.5182
176.377	17.0149
128.074	13.227
127.928	12.9022
121.701	12.2211
110.899	10.994
118.616	11.738
123.044	12.1024
121.193	11.8645
129.873	12.5938
137.435	13.3569
142.499	13.8612
174.369	16.875
170.491	16.5737
113.138	10.2123
114.91	10.3907
179.604	17.5415
125.621	11.4283
127.461	11.6071
137.519	12.2556
120.726	12.5676
119.541	12.3746
124.305	12.7532
129.07	13.1319
133.995	13.5479
130.512	13.12
128.499	12.7711
131.042	12.9488
165.186	16.2323
145.341	14.2349
138.4	13.4861
140.955	13.7207
148.111	14.4145
157.425	15.3116
173.965	17.1557
118.769	10.784
124.4	11.3557
129.094	11.7975
133.787	12.2394
141.841	12.7879
124.13	12.9171
159.562	15.8063
161.279	16.0108
142.481	14.4922
138.988	13.9777
136.835	13.7033
142.024	14.2062
140.587	13.8967
147.736	14.5398
150.88	14.7992
150.019	14.6287
145.487	14.1747
153.723	14.9677
161.127	15.6556
118.878	9.79
117.963	10.1924
134.829	12.4463
142.066	13.124
143.698	13.145
145.29	13.1278
130.953	13.6668
150.073	15.3886
152.971	15.955
150.968	15.4365
153.798	15.7579
145.142	14.5647
147.214	14.709
152.906	15.1397
150.131	14.8447
153.526	15.0749
154.647	15.1622
154.671	15.1097
156.627	15.2774
158.539	15.7759
164.829	15.9995
170.918	16.2566
170.441	17.1352
145.257	13.5368
149.71	14.0093
149.507	13.4778
147.12	15.4217
150.018	15.9881
157.837	16.3985
157.619	16.1714
151.811	15.5629
151.858	14.9466
153.479	15.2813
155.681	15.4347
154.743	15.2964
155.818	15.2872
158.361	15.5145
160.492	15.6626
165.492	16.1182
168.531	16.3434
171.267	16.5602
169.919	16.2823
168.498	16.0342
155.686	14.6274
157.246	14.6717
158.23	14.4774
150.047	15.7986
150.203	15.771
162.703	16.842
163.8	16.8553
161.912	16.6363
157.525	16.0134
