-7.22057	-0.600096
-11.5836	-1.03086
18.0239	0.963784
10.41	0.704888
1.17839	-0.198839
-1.69173	-0.559623
7.47416	0.157297
5.05583	-0.344295
6.86242	-0.186837
7.90875	-0.140188
12.8103	0.262856
191.683	16.445
17.904	0.610668
17.4202	0.393649
19.0264	0.492918
17.3145	0.284715
19.1512	0.180272
24.2901	0.615476
23.0598	0.41636
19.1354	0.0119364
14.5415	1.42368
17.2657	1.61588
18.8593	1.51335
17.9632	1.40474
198.317	17.0909
13.3197	0.681151
13.0258	0.636318
13.8967	0.554962
12.6821	0.351286
15.328	0.526841
18.7841	0.818718
22.608	1.14671
20.256	0.878687
23.2624	0.932605
20.0407	0.640774
18.5762	0.730438
27.3259	0.923851
27.6316	0.876065
28.8044	0.963076
30.9108	1.11218
16.4426	1.64194
19.3869	1.91621
22.2452	1.75734
25.5164	2.1046
182.841	15.8665
15.6002	0.885522
17.8807	1.0899
18.7025	1.09895
19.0292	1.07162
18.2738	0.847425
19.8591	0.933247
24.3902	1.33965
27.0019	1.55017
30.3935	1.62981
28.4362	1.40969
189.416	16.5052
37.5412	1.87707
39.2894	1.94795
34.5489	1.50979
35.5153	1.55456
20.0954	2.01087
21.5081	2.21654
194.827	17.1429
41.0074	3.54953
197.985	17.4882
27.3493	1.95959
23.7262	1.61376
24.1617	1.58827
25.8166	1.56188
30.4425	1.91927
33.8863	2.20612
32.7041	2.13557
33.011	2.08022
36.8577	2.13516
32.647	1.77243
42.98	2.58834
42.5627	2.18701
42.5026	2.25263
47.5137	2.71402
40.1556	2.00229
192.861	17.141
23.7482	2.3798
51.0206	4.5071
48.8288	4.29457
49.6727	4.34251
195.213	17.409
30.9724	2.30543
29.1865	2.16706
29.7282	2.01731
40.0622	2.65443
35.0684	2.27667
33.8863	2.20612
40.6501	2.91142
46.2286	3.60966
46.5362	2.92035
48.1214	2.94783
50.1599	2.99979
48.6588	2.83765
54.3081	3.36652
53.0883	3.23537
33.541	3.28111
28.6446	2.83045
53.2123	4.71962
52.2204	4.59816
56.631	4.96954
197.444	17.6632
41.6354	3.30759
33.8481	2.53153
34.6607	2.54126
45.056	3.03217
49.8861	3.62305
50.6553	3.83055
51.9119	4.03432
54.3985	3.86136
49.2466	3.08823
52.0898	3.27721
59.304	3.88365
61.0922	4.04159
60.1932	3.89709
58.4374	3.73176
52.0012	4.98213
188.333	16.9731
58.7917	5.2606
57.165	5.06184
59.5819	5.24381
61.6342	5.41348
50.8605	4.19621
50.8605	4.19621
39.5931	3.06522
44.5255	3.58917
49.6209	3.90155
54.7162	4.21393
57.5953	4.45899
60.3466	4.51484
57.3034	4.28282
57.9042	3.72296
63.5852	4.3184
64.3698	4.36154
66.298	4.5473
66.9269	4.51504
70.2347	6.5595
71.218	6.50353
65.0048	5.88206
61.476	5.44267
66.6862	5.92147
63.6394	5.48304
60.0857	5.08483
61.8401	5.23702
63.5945	5.38921
192.579	17.3799
71.4153	5.78167
64.8293	5.15653
69.3522	5.5658
70.0948	5.33446
182.429	16.5151
72.7668	5.25676
74.0013	5.3222
71.5038	5.05301
77.1091	5.54164
77.0756	5.44923
66.6593	6.27444
73.8253	6.84291
77.416	7.12631
183.698	16.6636
85.2199	7.70333
75.9531	6.8124
68.201	5.89465
67.1032	5.69359
65.3488	5.5414
179.551	16.2231
89.0887	8.28085
78.0013	6.40681
77.8993	6.36023
77.2981	6.211
79.63	6.22989
82.9834	6.46871
81.7124	6.18404
76.7354	5.59657
79.7249	5.81342
82.7144	6.03026
73.6641	6.89679
80.3599	7.45386
84.2588	7.72386
87.231	7.9587
93.4682	8.46059
92.4737	8.56589
79.8823	7.02306
74.8789	6.36812
82.6545	7.04264
89.4936	7.36651
88.5434	7.44258
84.5872	7.03194
80.7552	6.56017
82.7827	6.59673
84.6498	6.7075
86.6307	6.79049
90.4214	7.02432
101.819	8.05959
99.8121	7.65255
94.9556	7.14584
178.965	16.5625
85.6455	7.97068
84.7156	7.80607
89.126	8.16953
91.2209	8.33907
101.716	9.21785
91.5636	8.15148
181.435	16.9593
184.705	17.2841
90.4301	7.71717
92.4996	7.85321
90.5899	7.62925
88.8975	7.41784
86.0719	7.0263
89.5562	7.20085
95.1844	7.64951
102.349	8.25755
99.1305	7.86459
105.531	8.51142
103.644	7.91567
101.338	9.48899
90.8764	8.47678
183.896	17.2579
96.3091	8.80451
109.435	9.95759
103.245	9.2799
168.002	16.0519
167.257	15.9969
92.9967	7.94993
95.5632	8.1827
96.376	8.20685
94.3414	7.98502
180.115	15.3564
98.0952	7.95243
100.593	8.15826
103.958	8.45403
100.74	8.06107
123.893	10.3153
114.65	9.49605
115.169	8.87481
106.569	9.99509
96.1073	8.98288
176.266	15.2278
139.824	13.7178
107.585	9.81505
118.007	10.761
115.456	10.4272
122.67	11.0894
130.535	11.6469
125.416	11.0638
104.523	9.02169
98.745	8.4373
180.702	15.6722
186.67	16.268
105.133	8.58169
115.716	9.54293
123.038	10.2101
129.728	10.8159
133.135	11.1346
135.786	11.3707
122.205	11.5247
192.696	17.0049
140.716	13.2652
140.441	12.9308
133.561	12.2475
121.448	11.0064
129.885	11.7516
134.611	12.1111
132.573	11.879
142.183	12.6317
150.544	13.4016
156.021	13.8979
190.565	16.867
186.355	16.5695
122.781	10.1938
124.666	10.3665
196.329	17.5361
136.418	11.4217
138.437	11.6069
149.44	12.2775
132.891	12.5893
131.602	12.4006
136.655	12.771
141.708	13.1414
147.042	13.5643
143.23	13.1469
140.81	12.7906
143.462	12.9603
180.836	16.2548
159.241	14.2681
151.585	13.5227
154.376	13.7617
162.145	14.447
172.265	15.3325
190.456	17.1765
128.959	10.7632
135.136	11.3326
140.265	11.7796
145.394	12.2266
154.219	12.8171
136.641	12.951
174.781	15.8164
176.662	16.0088
156.398	14.5011
152.437	13.9976
150.082	13.7299
155.732	14.2307
153.966	13.9099
161.856	14.5638
165.275	14.8252
164.333	14.6782
159.355	14.22
168.27	14.996
176.26	15.669
128.632	9.81807
127.977	10.5736
146.654	12.4181
154.57	13.0908
156.283	13.1472
157.923	13.1662
144.14	13.7096
165.196	15.4149
168.282	15.9669
165.754	15.4379
168.816	15.7547
159.193	14.5936
161.382	14.7315
167.497	15.1504
164.471	14.8594
168.186	15.1049
169.349	15.188
169.357	15.1443
171.396	15.2999
173.764	15.8006
180.255	16.0055
186.569	16.0259
186.301	16.9893
158.173	13.5036
163.033	13.9374
162.564	13.564
162.061	15.4559
165.147	16.0078
173.515	16.3968
173.044	16.1597
166.653	15.5769
166.408	14.9995
168.224	15.3022
170.522	15.4413
169.51	15.3099
170.595	15.3096
173.339	15.5365
175.564	15.6766
180.96	16.1231
184.25	16.342
187.134	16.5446
185.601	16.2755
183.995	16.0266
169.691	14.5891
171.28	14.6395
172.22	14.5212
165.279	15.8164
165.442	15.8001
178.748	16.8267
179.833	16.8305
177.772	16.6164
172.807	16.0706
