-0.0187314	-0.0128575
0.981249	-0.00687111
2.00434	0.00629487
3.0038	0.0390502
4.00258	-0.0104434
5.00225	0.0152088
5.99963	0.00373678
7.00072	-0.00703426
7.99161	-0.0131507
8.98129	-0.018832
0.47608	0.856146
1.47606	0.862129
2.47571	0.888229
3.47449	0.838745
4.47416	0.864401
5.51091	0.87618
6.43373	0.490965
7.32836	0.937773
8.49144	0.852978
9.4761	0.850161
0.00235312	1.73682
0.970894	1.72514
2.01828	1.70237
3.01795	1.72845
4.01672	1.67897
5.01639	1.70463
6.02287	1.7352
6.99672	1.88118
7.99659	1.86519
8.98627	1.72197
0.497173	2.60581
1.49588	2.55508
2.49554	2.58113
3.56125	2.56798
4.56833	2.59863
9.58549	7.7784
6.52992	2.59711
7.51051	2.7391
8.51039	2.7231
9.49797	2.56596
0.0417548	3.49608
1.04047	3.44536
2.04013	3.4714
3.03884	3.42068
4.0385	3.44674
5.03998	3.48042
6.03992	3.46883
7.03986	3.45733
8.14039	3.51579
9.14027	3.4998
0.592899	4.33049
1.59162	4.27977
2.59129	4.3058
3.59067	4.34086
4.55	4.35216
5.54993	4.34062
6.54985	4.32905
7.54979	4.31756
8.65419	4.37371
9.5947	4.39058
0.0590165	5.17605
1.13593	5.16991
2.13559	5.19592
3.06062	5.18882
4.06001	5.22388
5.05995	5.21237
6.05983	5.20085
7.05976	5.18927
8.05969	5.1778
9.05938	5.20286
8.58551	7.77243
1.61324	6.04865
2.61291	6.07464
3.57057	6.04902
4.56995	6.08409
5.56989	6.0726
6.56982	6.06102
7.56976	6.04957
8.53783	6.05609
9.6012	6.04335
0.0906585	6.91538
1.09057	6.92846
2.09057	6.92738
3.09057	6.92629
4.08003	6.95585
5.07996	6.94436
6.07989	6.93278
7.07982	6.9212
8.07974	6.90976
9.07966	6.89658
0.58548	7.78438
1.59151	7.79394
2.59151	7.79286
3.55936	7.8096
4.58995	7.81608
5.58988	7.8045
6.5899	7.79296
7.58984	7.78154
