-0.0215696	-0.0159946
0.978404	-0.00903827
2.00467	0.00864558
3.00397	0.0461565
4.00222	-0.0129436
5.00172	0.0185627
5.9993	0.00474952
7.00039	-0.00820536
7.99006	-0.0158
8.97845	-0.0229402
0.472398	0.853489
1.47237	0.86044
2.47184	0.892812
3.4701	0.833724
4.4696	0.865232
5.51251	0.878272
6.41793	0.453769
7.28605	0.950132
8.49054	0.849953
9.47243	0.846533
0.00279269	1.73637
0.966372	1.72297
2.02265	1.69543
3.02213	1.72777
4.02038	1.6687
5.01989	1.70021
6.02648	1.73609
6.99943	1.90818
7.99927	1.89046
8.98453	1.71943
0.496774	2.60584
1.49491	2.54484
2.49439	2.57717
3.57402	2.56169
4.58118	2.59884
9.60206	7.77478
6.53489	2.59721
7.51471	2.76521
8.51455	2.74748
9.49764	2.56431
0.0505235	3.50074
1.04866	3.43976
2.04814	3.47207
3.04628	3.41109
4.04576	3.44342
5.04689	3.48377
6.0468	3.47
7.04671	3.45631
8.16489	3.52499
9.16473	3.50727
0.611655	4.32847
1.6098	4.26749
2.60929	4.29978
3.60837	4.34269
4.55883	4.35658
5.55872	4.34285
6.55862	4.32909
7.55853	4.31541
8.68016	4.38202
9.61425	4.40055
0.0692335	5.16857
1.16434	5.16279
2.16382	5.19506
3.07166	5.18646
4.07075	5.22938
5.07066	5.21568
6.07051	5.20196
7.07042	5.1882
8.07032	5.17453
9.06987	5.20433
8.60208	7.76784
1.63614	6.0445
2.63563	6.07676
3.58349	6.04555
4.58257	6.08847
5.58248	6.07478
6.58238	6.06102
7.5823	6.04737
8.54429	6.05507
9.61961	6.03967
0.108067	6.91225
1.10796	6.92716
2.10795	6.9262
3.10795	6.92524
4.09455	6.9613
5.09446	6.94761
6.09436	6.93385
7.09426	6.92008
8.09416	6.90644
9.09403	6.89041
0.602042	7.78173
1.60879	7.7927
2.60879	7.79175
3.5695	7.81235
4.60636	7.8204
5.60626	7.80664
6.60625	7.79291
7.60616	7.77929
